[gd_scene load_steps=11 format=3 uid="uid://d213ekm8t7n6e"]

[ext_resource type="PackedScene" uid="uid://rt0dgveoxbb5" path="res://assets/dungeon/wall.gltf" id="3_bw3kt"]
[ext_resource type="PackedScene" uid="uid://dm6uihhq1ocrg" path="res://wall.tscn" id="4_6jy0b"]
[ext_resource type="PackedScene" uid="uid://bcwi26wn42ami" path="res://Scenes/Characters/enemy_knight.tscn" id="4_deukx"]
[ext_resource type="PackedScene" uid="uid://didmxhublmx1s" path="res://Scenes/Characters/mage.tscn" id="4_woib5"]
[ext_resource type="PackedScene" uid="uid://dkd5aj8jad1hg" path="res://Scenes/Utils/spell.tscn" id="5_h1im6"]
[ext_resource type="Texture2D" uid="uid://ds1y7ha6joqjx" path="res://assets/crosshair.png" id="6_un3wj"]
[ext_resource type="PackedScene" uid="uid://d4i3yiownurkd" path="res://Scenes/Characters/knight.tscn" id="7_2y4nr"]

[sub_resource type="ProceduralSkyMaterial" id="ProceduralSkyMaterial_m4v2a"]
sky_top_color = Color(0.350873, 0.529002, 0.847461, 1)
sky_horizon_color = Color(0.444498, 0.658373, 0.858097, 1)
ground_bottom_color = Color(0.294903, 0.440488, 0.708235, 1)
ground_horizon_color = Color(0.423798, 0.670074, 0.822688, 1)

[sub_resource type="Sky" id="Sky_f08gv"]
sky_material = SubResource("ProceduralSkyMaterial_m4v2a")

[sub_resource type="Environment" id="Environment_sjn8t"]
background_mode = 2
sky = SubResource("Sky_f08gv")
ambient_light_source = 3
ambient_light_color = Color(0.333028, 0.721945, 1, 1)

[node name="map1" type="Node3D"]

[node name="map" type="Node3D" parent="."]

[node name="floor" type="CSGBox3D" parent="map"]
transform = Transform3D(256.926, 0, 0, 0, 0.756512, 0, 0, 0, 516.49, 0, -1, 0)
use_collision = true

[node name="wall" parent="." instance=ExtResource("3_bw3kt")]
transform = Transform3D(1, 0, 0, 0, 1, 0, 0, 0, 1, 2.42277, -0.621744, 7.7638)

[node name="wall2" parent="." instance=ExtResource("4_6jy0b")]
transform = Transform3D(1, 0, 0, 0, 1, 0, 0, 0, 1, 2.42277, -0.621744, 13.6267)

[node name="Enemy_knight" parent="." groups=["enemies"] instance=ExtResource("4_deukx")]
transform = Transform3D(1, 0, 0, 0, 1, 0, 0, 0, 1, 0, 0, -10)

[node name="Skeleton3D" parent="Enemy_knight/Rig" index="0"]
bones/0/position = Vector3(0, 8.05153e-05, 0)
bones/0/rotation = Quaternion(-2.04992e-11, 0.000595804, 3.55056e-11, 1)
bones/1/position = Vector3(6.34594e-19, 0.384766, 2.02091e-18)
bones/1/rotation = Quaternion(0.00231424, 0.0421631, 1.84424e-05, 0.999108)
bones/2/rotation = Quaternion(0.0026204, 0.000258777, 2.59549e-05, 0.999997)
bones/3/rotation = Quaternion(0.00098848, -0.000169215, 0.00012352, 1)
bones/4/position = Vector3(0.211757, 0.133788, -0.001055)
bones/4/rotation = Quaternion(-0.563082, -0.0631426, -0.640116, 0.518849)
bones/5/rotation = Quaternion(1.04325e-08, -5.09496e-08, -0.506187, 0.862424)
bones/7/rotation = Quaternion(-0.320347, -0.328825, 0.137809, 0.877645)
bones/8/position = Vector3(-1.68885e-09, 0.0961252, -0.0575)
bones/8/rotation = Quaternion(-0.00102341, 0.00149476, -0.702767, 0.711418)
bones/14/position = Vector3(-0.211672, 0.133746, -0.00103211)
bones/14/rotation = Quaternion(-0.620527, 0.0822733, 0.614075, 0.480717)
bones/15/rotation = Quaternion(3.1486e-08, 5.55451e-08, 0.527898, 0.849308)
bones/17/rotation = Quaternion(-0.320225, 0.304416, -0.217401, 0.870358)
bones/18/position = Vector3(-1.40993e-08, 0.0961251, -0.0575)
bones/18/rotation = Quaternion(-0.000637216, -0.00031931, 0.702749, 0.711438)
bones/21/rotation = Quaternion(-0.00299555, -0.0303122, 0.000148283, 0.999536)
bones/24/position = Vector3(0.170945, 0.113587, -0.00119585)
bones/24/rotation = Quaternion(0.993126, 0.0814917, 0.0736094, 0.0405067)
bones/25/rotation = Quaternion(0.273552, 6.48838e-08, -1.91011e-07, 0.961857)
bones/26/rotation = Quaternion(-0.557909, -0.202159, 0.0548141, 0.803035)
bones/27/rotation = Quaternion(-9.12298e-09, 0.918744, -0.394855, 7.80754e-08)
bones/28/position = Vector3(-0.170945, 0.113587, 0.00119588)
bones/28/rotation = Quaternion(0.994966, -0.0295862, 0.030615, 0.090715)
bones/29/rotation = Quaternion(0.348156, -6.21681e-08, 2.42026e-07, 0.937437)
bones/30/rotation = Quaternion(-0.590213, 0.111382, -0.0136779, 0.79941)
bones/31/rotation = Quaternion(3.03535e-08, 0.920355, -0.391084, -6.95361e-08)
bones/32/position = Vector3(0.170945, 0.294417, 0.57792)
bones/32/rotation = Quaternion(0.707107, -2.29314e-07, -4.60432e-08, 0.707107)
bones/33/position = Vector3(0.201467, 0.0246513, 0.201946)
bones/33/rotation = Quaternion(-0.704395, -7.07619e-08, -7.02934e-08, 0.709808)
bones/34/position = Vector3(1.94412e-08, 0.362833, -2.42861e-15)
bones/34/rotation = Quaternion(9.42133e-09, 1.73357e-09, 0.986364, -0.164581)
bones/35/position = Vector3(-2.53845e-08, 0.213436, -5.05319e-09)
bones/35/rotation = Quaternion(-1.01343e-07, 0.391084, 0.920355, -3.34029e-08)
bones/36/position = Vector3(8.26594e-09, 0.16565, -2.47098e-09)
bones/37/rotation = Quaternion(1, -2.29452e-09, 1.99661e-07, 2.11777e-12)
bones/39/position = Vector3(-0.170945, 0.294417, 0.577919)
bones/39/rotation = Quaternion(0.707107, -3.82505e-08, 1.45021e-07, 0.707107)
bones/40/position = Vector3(-0.170945, 0.025991, 0.243995)
bones/40/rotation = Quaternion(-0.699838, -7.1403e-08, -6.96402e-08, 0.714302)
bones/41/position = Vector3(1.94581e-08, 0.362833, 1.29576e-09)
bones/41/rotation = Quaternion(-5.69462e-09, 6.29978e-10, 0.995044, 0.0994361)
bones/42/position = Vector3(-1.07904e-08, 0.213436, 4.90794e-10)
bones/42/rotation = Quaternion(-1.0575e-07, 0.391084, 0.920355, -2.59467e-08)
bones/43/position = Vector3(-6.31128e-09, 0.16565, 3.10693e-09)
bones/44/rotation = Quaternion(1, 3.68101e-09, 1.94879e-07, 7.28014e-09)
bones/46/position = Vector3(0.454229, 1.10196, -0.590325)
bones/46/rotation = Quaternion(-0.707107, -0.000140477, -0.000140477, 0.707107)
bones/47/position = Vector3(0.520521, 0.785043, -0.0520186)
bones/47/rotation = Quaternion(0.788125, 0.00996156, 0.615422, 0.00397814)
bones/48/position = Vector3(-0.453228, 1.10219, -0.591265)
bones/48/rotation = Quaternion(-0.707107, -0.000140477, -0.000140477, 0.707107)
bones/49/position = Vector3(-0.5109, 0.785043, 0.0620327)
bones/49/rotation = Quaternion(0.752234, -0.0112193, -0.658788, 0.00417344)

[node name="1H_Sword_Offhand" parent="Enemy_knight/Rig/Skeleton3D" index="0"]
transform = Transform3D(0.00354292, 0.248951, 0.968509, 0.999858, 0.0150515, -0.00752551, -0.0164506, 0.968398, -0.248862, 0.510142, 0.633479, 0.00863667)

[node name="Badge_Shield" parent="Enemy_knight/Rig/Skeleton3D" index="1"]
transform = Transform3D(0.0035429, 0.248951, 0.968509, 0.999858, 0.015049, -0.00752484, -0.0164479, 0.968399, -0.248862, 0.661118, 0.632306, -0.0301573)

[node name="Rectangle_Shield" parent="Enemy_knight/Rig/Skeleton3D" index="2"]
transform = Transform3D(0.0035429, 0.248951, 0.968509, 0.999858, 0.015049, -0.00752484, -0.0164479, 0.968399, -0.248862, 0.661118, 0.632306, -0.0301573)

[node name="Round_Shield" parent="Enemy_knight/Rig/Skeleton3D" index="3"]
transform = Transform3D(0.0035429, 0.248951, 0.968509, 0.999858, 0.015049, -0.00752484, -0.0164479, 0.968399, -0.248862, 0.661118, 0.632306, -0.0301573)

[node name="Spike_Shield" parent="Enemy_knight/Rig/Skeleton3D" index="4"]
transform = Transform3D(0.0035429, 0.248951, 0.968509, 0.999858, 0.015049, -0.00752484, -0.0164479, 0.968399, -0.248862, 0.661118, 0.632306, -0.0301573)

[node name="1H_Sword" parent="Enemy_knight/Rig/Skeleton3D" index="5"]
transform = Transform3D(-0.00688255, -0.138979, 0.990271, 0.999858, 0.0142069, 0.0089422, -0.0153111, 0.990193, 0.138861, -0.493472, 0.638073, 0.147258)

[node name="2H_Sword" parent="Enemy_knight/Rig/Skeleton3D" index="6"]
transform = Transform3D(-0.00688256, -0.138979, 0.990271, 0.999858, 0.0142069, 0.00894222, -0.0153111, 0.990193, 0.138861, -0.493472, 0.638073, 0.147258)

[node name="Knight_Helmet" parent="Enemy_knight/Rig/Skeleton3D" index="7"]
transform = Transform3D(0.999685, -0.000143201, 0.0250833, 0.000290569, 0.999983, -0.0058716, -0.025082, 0.00587704, 0.999668, 0.0003763, 1.19504, 0.00761523)

[node name="Knight_Cape" parent="Enemy_knight/Rig/Skeleton3D" index="8"]
transform = Transform3D(0.996328, 0.000484664, 0.0856138, 0.000531014, 0.99993, -0.0118403, -0.0856136, 0.0118423, 0.996258, 0.000359782, 1.19504, 0.00746289)

[node name="TextureRect" type="TextureRect" parent="."]
anchors_preset = 8
anchor_left = 0.5
anchor_top = 0.5
anchor_right = 0.5
anchor_bottom = 0.5
offset_left = -7.0
offset_top = -7.0
offset_right = 137.0
offset_bottom = 137.0
grow_horizontal = 2
grow_vertical = 2
scale = Vector2(0.2, 0.2)
size_flags_horizontal = 4
size_flags_vertical = 4
texture = ExtResource("6_un3wj")

[node name="WorldEnvironment" type="WorldEnvironment" parent="."]
environment = SubResource("Environment_sjn8t")

[node name="DirectionalLight3D" type="DirectionalLight3D" parent="."]
transform = Transform3D(1, 0, 0, 0, -0.800805, 0.598926, 0, -0.598926, -0.800805, 0, 14.862, 0)

[node name="Player Units" type="Node3D" parent="."]

[node name="Mage" parent="Player Units" instance=ExtResource("4_woib5")]
transform = Transform3D(1, 0, 0, 0, 1, 0, 0, 0, 1, 11, 0, 0)
spell_scene = ExtResource("5_h1im6")

[node name="Knight" parent="Player Units" instance=ExtResource("7_2y4nr")]
transform = Transform3D(1, 0, 0, 0, 1, 0, 0, 0, 1, 5, 0, 0)
is_leader = true

[node name="Knight2" parent="Player Units" instance=ExtResource("7_2y4nr")]
transform = Transform3D(1, 0, 0, 0, 1, 0, 0, 0, 1, 1, 0, 0)

[node name="Knight3" parent="Player Units" instance=ExtResource("7_2y4nr")]
transform = Transform3D(1, 0, 0, 0, 1, 0, 0, 0, 1, -1, 0, 0)

[node name="Mage2" parent="Player Units" instance=ExtResource("4_woib5")]
transform = Transform3D(1, 0, 0, 0, 1, 0, 0, 0, 1, -6, 0, 0)
spell_scene = ExtResource("5_h1im6")

[node name="Knight4" parent="Player Units" instance=ExtResource("7_2y4nr")]
transform = Transform3D(1, 0, 0, 0, 1, 0, 0, 0, 1, 0, 0, -5)

[node name="Knight5" parent="Player Units" instance=ExtResource("7_2y4nr")]
transform = Transform3D(1, 0, 0, 0, 1, 0, 0, 0, 1, -13, 0, 0)

[node name="Mage3" parent="Player Units" instance=ExtResource("4_woib5")]
transform = Transform3D(1, 0, 0, 0, 1, 0, 0, 0, 1, -3.33637, 0, -3.51371)
spell_scene = ExtResource("5_h1im6")

[editable path="Enemy_knight"]
