[gd_scene load_steps=11 format=3 uid="uid://d213ekm8t7n6e"]

[ext_resource type="PackedScene" uid="uid://rt0dgveoxbb5" path="res://assets/dungeon/wall.gltf" id="3_bw3kt"]
[ext_resource type="PackedScene" uid="uid://dm6uihhq1ocrg" path="res://wall.tscn" id="4_6jy0b"]
[ext_resource type="PackedScene" uid="uid://bcwi26wn42ami" path="res://Scenes/Characters/enemy_knight.tscn" id="4_deukx"]
[ext_resource type="PackedScene" uid="uid://didmxhublmx1s" path="res://Scenes/Characters/mage.tscn" id="4_woib5"]
[ext_resource type="PackedScene" uid="uid://dkd5aj8jad1hg" path="res://Scenes/Utils/spell.tscn" id="5_h1im6"]
[ext_resource type="Texture2D" uid="uid://ds1y7ha6joqjx" path="res://assets/crosshair.png" id="6_un3wj"]
[ext_resource type="PackedScene" uid="uid://d4i3yiownurkd" path="res://Scenes/Characters/knight.tscn" id="7_2y4nr"]

[sub_resource type="ProceduralSkyMaterial" id="ProceduralSkyMaterial_m4v2a"]
sky_top_color = Color(0.350873, 0.529002, 0.847461, 1)
sky_horizon_color = Color(0.444498, 0.658373, 0.858097, 1)
ground_bottom_color = Color(0.294903, 0.440488, 0.708235, 1)
ground_horizon_color = Color(0.423798, 0.670074, 0.822688, 1)

[sub_resource type="Sky" id="Sky_f08gv"]
sky_material = SubResource("ProceduralSkyMaterial_m4v2a")

[sub_resource type="Environment" id="Environment_sjn8t"]
background_mode = 2
sky = SubResource("Sky_f08gv")
ambient_light_source = 3
ambient_light_color = Color(0.333028, 0.721945, 1, 1)

[node name="map1" type="Node3D"]

[node name="map" type="Node3D" parent="."]

[node name="floor" type="CSGBox3D" parent="map"]
transform = Transform3D(256.926, 0, 0, 0, 0.756512, 0, 0, 0, 516.49, 0, -1, 0)
use_collision = true

[node name="wall" parent="." instance=ExtResource("3_bw3kt")]
transform = Transform3D(1, 0, 0, 0, 1, 0, 0, 0, 1, 2.42277, -0.621744, 7.7638)

[node name="wall2" parent="." instance=ExtResource("4_6jy0b")]
transform = Transform3D(1, 0, 0, 0, 1, 0, 0, 0, 1, 2.42277, -0.621744, 13.6267)

[node name="Enemy_knight" parent="." groups=["enemies"] instance=ExtResource("4_deukx")]
transform = Transform3D(1, 0, 0, 0, 1, 0, 0, 0, 1, 0, 0, -10)

[node name="Skeleton3D" parent="Enemy_knight/Rig" index="0"]
bones/0/position = Vector3(0, 0.000364479, 0)
bones/0/rotation = Quaternion(-2.04992e-11, 0.000595804, 3.55056e-11, 1)
bones/1/position = Vector3(-1.5223e-25, 0.389835, 6.38501e-19)
bones/1/rotation = Quaternion(0.00233436, 0.042163, 1.9296e-05, 0.999108)
bones/2/rotation = Quaternion(0.00261374, 0.00148352, -6.81747e-05, 0.999995)
bones/3/rotation = Quaternion(0.000983011, -0.000148847, 0.000228269, 0.999999)
bones/4/position = Vector3(0.211874, 0.133847, -0.00108684)
bones/4/rotation = Quaternion(-0.560481, -0.0673296, -0.652024, 0.506155)
bones/5/rotation = Quaternion(1.9282e-08, -5.33605e-08, -0.484251, 0.874929)
bones/7/rotation = Quaternion(-0.317594, -0.323376, 0.12937, 0.881944)
bones/8/position = Vector3(-1.68885e-09, 0.0961252, -0.0575)
bones/8/rotation = Quaternion(-0.00034502, 0.00216631, -0.700264, 0.713881)
bones/14/position = Vector3(-0.211554, 0.133687, -0.00100026)
bones/14/rotation = Quaternion(-0.620903, 0.0853315, 0.622623, 0.46855)
bones/15/rotation = Quaternion(1.97428e-08, 6.02407e-08, 0.506195, 0.862419)
bones/17/rotation = Quaternion(-0.31839, 0.297675, -0.207932, 0.875661)
bones/18/position = Vector3(-1.40993e-08, 0.0961251, -0.0575)
bones/18/rotation = Quaternion(0.000402354, 0.000901608, 0.701664, 0.712508)
bones/21/rotation = Quaternion(-0.00298542, -0.0326862, 0.000293068, 0.999461)
bones/24/position = Vector3(0.170945, 0.113587, 0.00211206)
bones/24/rotation = Quaternion(0.99319, 0.0825277, 0.0717909, 0.0401082)
bones/25/rotation = Quaternion(0.243805, 6.42838e-08, -1.69353e-07, 0.969824)
bones/26/rotation = Quaternion(-0.539377, -0.203423, 0.049275, 0.815637)
bones/27/rotation = Quaternion(-1.02251e-08, 0.920355, -0.391084, 7.81124e-08)
bones/28/position = Vector3(-0.170945, 0.113587, -0.00211203)
bones/28/rotation = Quaternion(0.99655, -0.0293045, 0.0305701, 0.0713833)
bones/29/rotation = Quaternion(0.314621, -6.35324e-08, 2.18678e-07, 0.949217)
bones/30/rotation = Quaternion(-0.56979, 0.111709, -0.0105395, 0.814094)
bones/31/rotation = Quaternion(2.89015e-08, 0.918842, -0.394626, -6.93213e-08)
bones/32/position = Vector3(0.170945, 0.293803, 0.577305)
bones/32/rotation = Quaternion(0.707107, -2.29314e-07, -4.60432e-08, 0.707107)
bones/33/position = Vector3(0.201467, 0.0307354, 0.213639)
bones/33/rotation = Quaternion(-0.709561, -7.00924e-08, -7.09107e-08, 0.704644)
bones/34/position = Vector3(1.94412e-08, 0.362833, -2.42861e-15)
bones/34/rotation = Quaternion(9.42133e-09, 1.73357e-09, 0.986364, -0.164581)
bones/35/position = Vector3(-2.53845e-08, 0.213436, -5.05319e-09)
bones/35/rotation = Quaternion(-1.01343e-07, 0.391084, 0.920355, -3.34029e-08)
bones/36/position = Vector3(8.26594e-09, 0.16565, -2.47098e-09)
bones/37/rotation = Quaternion(1, -2.29452e-09, 1.99661e-07, 2.11777e-12)
bones/39/position = Vector3(-0.170945, 0.293803, 0.577305)
bones/39/rotation = Quaternion(0.707107, -3.82505e-08, 1.45021e-07, 0.707107)
bones/40/position = Vector3(-0.170945, 0.0276575, 0.231715)
bones/40/rotation = Quaternion(-0.693175, -7.19803e-08, -6.90651e-08, 0.72077)
bones/41/position = Vector3(1.94581e-08, 0.362833, 1.29576e-09)
bones/41/rotation = Quaternion(-5.69462e-09, 6.29978e-10, 0.995044, 0.0994361)
bones/42/position = Vector3(-1.07904e-08, 0.213436, 4.90794e-10)
bones/42/rotation = Quaternion(-1.0575e-07, 0.391084, 0.920355, -2.59467e-08)
bones/43/position = Vector3(-6.31128e-09, 0.16565, 3.10693e-09)
bones/44/rotation = Quaternion(1, 3.68101e-09, 1.94879e-07, 7.28014e-09)
bones/46/position = Vector3(0.454229, 1.10196, -0.590325)
bones/46/rotation = Quaternion(-0.707107, -0.000140477, -0.000140477, 0.707107)
bones/47/position = Vector3(0.520521, 0.780888, -0.0523378)
bones/47/rotation = Quaternion(0.78832, 0.00957249, 0.61518, 0.00369611)
bones/48/position = Vector3(-0.453228, 1.10219, -0.591265)
bones/48/rotation = Quaternion(-0.707107, -0.000140477, -0.000140477, 0.707107)
bones/49/position = Vector3(-0.5109, 0.780888, 0.0617136)
bones/49/rotation = Quaternion(0.752443, -0.0108152, -0.658557, 0.00391347)

[node name="1H_Sword_Offhand" parent="Enemy_knight/Rig/Skeleton3D" index="0"]
transform = Transform3D(0.00275218, 0.245426, 0.969411, 0.999984, 0.00400655, -0.00385235, -0.00482882, 0.969406, -0.245411, 0.510367, 0.629152, 0.00598566)

[node name="Badge_Shield" parent="Enemy_knight/Rig/Skeleton3D" index="1"]
transform = Transform3D(0.00275215, 0.245426, 0.969411, 0.999984, 0.00400401, -0.00385168, -0.0048262, 0.969406, -0.245411, 0.661484, 0.628551, -0.0322704)

[node name="Rectangle_Shield" parent="Enemy_knight/Rig/Skeleton3D" index="2"]
transform = Transform3D(0.00275215, 0.245426, 0.969411, 0.999984, 0.00400401, -0.00385168, -0.0048262, 0.969406, -0.245411, 0.661484, 0.628551, -0.0322704)

[node name="Round_Shield" parent="Enemy_knight/Rig/Skeleton3D" index="3"]
transform = Transform3D(0.00275215, 0.245426, 0.969411, 0.999984, 0.00400401, -0.00385168, -0.0048262, 0.969406, -0.245411, 0.661484, 0.628551, -0.0322704)

[node name="Spike_Shield" parent="Enemy_knight/Rig/Skeleton3D" index="4"]
transform = Transform3D(0.00275215, 0.245426, 0.969411, 0.999984, 0.00400401, -0.00385168, -0.0048262, 0.969406, -0.245411, 0.661484, 0.628551, -0.0322704)

[node name="1H_Sword" parent="Enemy_knight/Rig/Skeleton3D" index="5"]
transform = Transform3D(-0.00799066, -0.139805, 0.990146, 0.999922, 0.00834765, 0.00924718, -0.00955772, 0.990143, 0.139727, -0.493984, 0.633412, 0.14566)

[node name="2H_Sword" parent="Enemy_knight/Rig/Skeleton3D" index="6"]
transform = Transform3D(-0.00799068, -0.139805, 0.990146, 0.999922, 0.00834764, 0.00924719, -0.00955771, 0.990143, 0.139727, -0.493984, 0.633412, 0.14566)

[node name="Knight_Helmet" parent="Enemy_knight/Rig/Skeleton3D" index="7"]
transform = Transform3D(0.99974, -0.000443783, 0.022822, 0.000579025, 0.999982, -0.00591966, -0.022819, 0.00593133, 0.999722, 0.00045309, 1.20039, 0.00763019)

[node name="Knight_Cape" parent="Enemy_knight/Rig/Skeleton3D" index="8"]
transform = Transform3D(0.996112, 0.000472761, 0.0880938, 0.000573922, 0.99993, -0.0118558, -0.0880933, 0.0118602, 0.996042, 0.0004292, 1.20039, 0.00747879)

[node name="TextureRect" type="TextureRect" parent="."]
anchors_preset = 8
anchor_left = 0.5
anchor_top = 0.5
anchor_right = 0.5
anchor_bottom = 0.5
offset_left = -7.0
offset_top = -7.0
offset_right = 137.0
offset_bottom = 137.0
grow_horizontal = 2
grow_vertical = 2
scale = Vector2(0.2, 0.2)
size_flags_horizontal = 4
size_flags_vertical = 4
texture = ExtResource("6_un3wj")

[node name="WorldEnvironment" type="WorldEnvironment" parent="."]
environment = SubResource("Environment_sjn8t")

[node name="DirectionalLight3D" type="DirectionalLight3D" parent="."]
transform = Transform3D(1, 0, 0, 0, -0.800805, 0.598926, 0, -0.598926, -0.800805, 0, 14.862, 0)

[node name="Player Units" type="Node3D" parent="."]

[node name="Mage" parent="Player Units" instance=ExtResource("4_woib5")]
transform = Transform3D(1, 0, 0, 0, 1, 0, 0, 0, 1, 11, 0, 0)
spell_scene = ExtResource("5_h1im6")
speed = null
acceleration = null
jump_speed = null
mouse_sensitivity = null
rotation_speed = null
is_leader = null
bullet_speed = null

[node name="Knight" parent="Player Units" instance=ExtResource("7_2y4nr")]
transform = Transform3D(1, 0, 0, 0, 1, 0, 0, 0, 1, 5, 0, 0)
is_leader = true

[node name="Knight2" parent="Player Units" instance=ExtResource("7_2y4nr")]
transform = Transform3D(1, 0, 0, 0, 1, 0, 0, 0, 1, 1, 0, 0)

[node name="Knight3" parent="Player Units" instance=ExtResource("7_2y4nr")]
transform = Transform3D(1, 0, 0, 0, 1, 0, 0, 0, 1, -1, 0, 0)

[node name="Mage2" parent="Player Units" instance=ExtResource("4_woib5")]
transform = Transform3D(1, 0, 0, 0, 1, 0, 0, 0, 1, -6, 0, 0)
spell_scene = ExtResource("5_h1im6")
speed = null
acceleration = null
jump_speed = null
mouse_sensitivity = null
rotation_speed = null
is_leader = null
bullet_speed = null

[node name="Knight4" parent="Player Units" instance=ExtResource("7_2y4nr")]
transform = Transform3D(1, 0, 0, 0, 1, 0, 0, 0, 1, 0, 0, -5)

[node name="Knight5" parent="Player Units" instance=ExtResource("7_2y4nr")]
transform = Transform3D(1, 0, 0, 0, 1, 0, 0, 0, 1, -13, 0, 0)

[node name="Mage3" parent="Player Units" instance=ExtResource("4_woib5")]
transform = Transform3D(1, 0, 0, 0, 1, 0, 0, 0, 1, -3.33637, 0, -3.51371)
spell_scene = ExtResource("5_h1im6")
speed = null
acceleration = null
jump_speed = null
mouse_sensitivity = null
rotation_speed = null
is_leader = null
bullet_speed = null

[editable path="Enemy_knight"]
