[gd_scene load_steps=11 format=3 uid="uid://d213ekm8t7n6e"]

[ext_resource type="Script" path="res://Scenes/Levels/map_1.gd" id="1_ap2tv"]
[ext_resource type="PackedScene" uid="uid://bcwi26wn42ami" path="res://Scenes/Characters/enemy_knight.tscn" id="4_deukx"]
[ext_resource type="PackedScene" uid="uid://didmxhublmx1s" path="res://Scenes/Characters/mage.tscn" id="5_4oi6l"]
[ext_resource type="Script" path="res://Scenes/Levels/characters.gd" id="5_ai5fv"]
[ext_resource type="Texture2D" uid="uid://ds1y7ha6joqjx" path="res://assets/crosshair.png" id="6_un3wj"]
[ext_resource type="PackedScene" uid="uid://d4i3yiownurkd" path="res://Scenes/Characters/knight.tscn" id="7_2y4nr"]
[ext_resource type="PackedScene" uid="uid://7bn5yfh63556" path="res://Scenes/Objects/long_wall.tscn" id="7_jysqb"]

[sub_resource type="ProceduralSkyMaterial" id="ProceduralSkyMaterial_m4v2a"]
sky_top_color = Color(0.350873, 0.529002, 0.847461, 1)
sky_horizon_color = Color(0.444498, 0.658373, 0.858097, 1)
ground_bottom_color = Color(0.294903, 0.440488, 0.708235, 1)
ground_horizon_color = Color(0.423798, 0.670074, 0.822688, 1)

[sub_resource type="Sky" id="Sky_f08gv"]
sky_material = SubResource("ProceduralSkyMaterial_m4v2a")

[sub_resource type="Environment" id="Environment_sjn8t"]
background_mode = 2
sky = SubResource("Sky_f08gv")
ambient_light_source = 3
ambient_light_color = Color(0.333028, 0.721945, 1, 1)

[node name="map1" type="Node3D"]
script = ExtResource("1_ap2tv")

[node name="map" type="Node3D" parent="."]

[node name="floor" type="CSGBox3D" parent="map"]
transform = Transform3D(1420.57, 0, 0, 0, 0.756512, 0, 0, 0, 1497.96, 0, -1, 0)
use_collision = true

[node name="Node3D" parent="map" instance=ExtResource("7_jysqb")]

[node name="Node3D2" parent="map" instance=ExtResource("7_jysqb")]
transform = Transform3D(1, 0, 0, 0, 1, 0, 0, 0, 1, 29.1055, 0, 0)

[node name="Node3D3" parent="map" instance=ExtResource("7_jysqb")]
transform = Transform3D(1, 0, 0, 0, 1, 0, 0, 0, 1, 59.4123, 0, 0)

[node name="Node3D4" parent="map" instance=ExtResource("7_jysqb")]
transform = Transform3D(-4.37114e-08, 0, -1, 0, 1, 0, 1, 0, -4.37114e-08, 88.4472, 0, 0)

[node name="Node3D5" parent="map" instance=ExtResource("7_jysqb")]
transform = Transform3D(1, 0, 0, 0, 1, 0, 0, 0, 1, 88.4472, 0, 30.4853)

[node name="Node3D6" parent="map" instance=ExtResource("7_jysqb")]
transform = Transform3D(-4.37114e-08, 0, -1, 0, 1, 0, 1, 0, -4.37114e-08, 119.105, 0, 0)

[node name="TextureRect" type="TextureRect" parent="."]
visible = false
anchors_preset = 8
anchor_left = 0.5
anchor_top = 0.5
anchor_right = 0.5
anchor_bottom = 0.5
offset_left = -72.0
offset_top = -72.0
offset_right = 72.0
offset_bottom = 72.0
grow_horizontal = 2
grow_vertical = 2
scale = Vector2(0.2, 0.2)
size_flags_horizontal = 0
size_flags_vertical = 8
texture = ExtResource("6_un3wj")
metadata/_edit_use_anchors_ = true

[node name="WorldEnvironment" type="WorldEnvironment" parent="."]
environment = SubResource("Environment_sjn8t")

[node name="DirectionalLight3D" type="DirectionalLight3D" parent="."]
transform = Transform3D(1, 0, 0, 0, -0.800805, 0.598926, 0, -0.598926, -0.800805, 0, 14.862, 0)
shadow_enabled = true

[node name="Player Units" type="Node3D" parent="."]
transform = Transform3D(1, 0, 0, 0, 1, 0, 0, 0, 1, 0, 0, -25.3349)

[node name="Node3D" type="Node3D" parent="Player Units"]
script = ExtResource("5_ai5fv")

[node name="Knight3" parent="Player Units/Node3D" instance=ExtResource("7_2y4nr")]
transform = Transform3D(1, 0, 0, 0, 1, 0, 0, 0, 1, -16.29, 0, -19.5896)

[node name="Knight" parent="Player Units/Node3D" instance=ExtResource("7_2y4nr")]
transform = Transform3D(1, 0, 0, 0, 1, 0, 0, 0, 1, -7.23758, 0, 5.96345)

[node name="Knight2" parent="Player Units/Node3D" instance=ExtResource("7_2y4nr")]
transform = Transform3D(1, 0, 0, 0, 1, 0, 0, 0, 1, -11.5332, 0, -19.5896)

[node name="Knight4" parent="Player Units/Node3D" instance=ExtResource("7_2y4nr")]
transform = Transform3D(1, 0, 0, 0, 1, 0, 0, 0, 1, -8.60114, 0, 0)

[node name="Mage" parent="Player Units/Node3D" instance=ExtResource("5_4oi6l")]

[node name="Mage2" parent="Player Units/Node3D" instance=ExtResource("5_4oi6l")]
transform = Transform3D(1, 0, 0, 0, 1, 0, 0, 0, 1, -0.336372, 0, -17.3275)

[node name="Enemies" type="Node3D" parent="."]
transform = Transform3D(1, 0, 0, 0, 1, 0, 0, 0, 1, 104.182, 0, 15.6002)

[node name="Enemy_knight" parent="Enemies" instance=ExtResource("4_deukx")]
transform = Transform3D(1, 0, 0, 0, 1, 0, 0, 0, 1, -111.139, 0.487544, -31.9816)

[node name="Enemy_knight2" parent="Enemies" instance=ExtResource("4_deukx")]
transform = Transform3D(1, 0, 0, 0, 1, 0, 0, 0, 1, -98.4234, 0, -41.417)

[node name="Enemy_knight3" parent="Enemies" instance=ExtResource("4_deukx")]
transform = Transform3D(1, 0, 0, 0, 1, 0, 0, 0, 1, -92.9034, 0, -34.3288)

[node name="Skeleton3D" parent="Enemies/Enemy_knight3/Rig" index="0"]
bones/0/position = Vector3(0, 0.000838334, 0)
bones/1/position = Vector3(5.10757e-19, 0.370698, 1.68778e-18)
bones/1/rotation = Quaternion(0.0022053, 0.0421634, 1.38207e-05, 0.999108)
bones/2/rotation = Quaternion(0.00261396, -0.00280857, 0.000261232, 0.999993)
bones/3/rotation = Quaternion(0.0010022, -0.000220557, -0.000140704, 0.999999)
bones/4/position = Vector3(0.211459, 0.133639, -0.000974678)
bones/4/rotation = Quaternion(-0.559835, -0.0592951, -0.63521, 0.528751)
bones/5/rotation = Quaternion(3.62531e-08, -6.98845e-08, -0.515969, 0.856607)
bones/7/rotation = Quaternion(-0.322884, -0.335639, 0.139328, 0.873888)
bones/8/rotation = Quaternion(-0.000276382, 0.00227974, -0.700004, 0.714135)
bones/14/position = Vector3(-0.211969, 0.133895, -0.00111243)
bones/14/rotation = Quaternion(-0.611636, 0.0811949, 0.615222, 0.490725)
bones/15/rotation = Quaternion(1.48806e-08, 4.91375e-08, 0.538842, 0.842407)
bones/17/rotation = Quaternion(-0.319775, 0.312588, -0.221395, 0.866613)
bones/18/rotation = Quaternion(0.0017761, 0.00245417, 0.700262, 0.71388)
bones/21/rotation = Quaternion(-0.00297394, -0.0282367, 2.02511e-05, 0.999597)
bones/24/position = Vector3(0.170945, 0.113587, -0.00168306)
bones/24/rotation = Quaternion(0.989994, 0.0818757, 0.0769359, 0.0853803)
bones/25/rotation = Quaternion(0.400825, 6.2508e-08, -2.69748e-07, 0.916155)
bones/26/rotation = Quaternion(-0.613207, -0.196915, 0.0736826, 0.761429)
bones/27/rotation = Quaternion(-1.02164e-08, 0.920355, -0.391084, 7.81052e-08)
bones/28/position = Vector3(-0.170945, 0.113587, 0.00168309)
bones/28/rotation = Quaternion(0.990811, -0.032324, 0.029394, 0.128005)
bones/29/rotation = Quaternion(0.432273, -5.79788e-08, 3.00907e-07, 0.901743)
bones/30/rotation = Quaternion(-0.64489, 0.109931, -0.023044, 0.755977)
bones/31/rotation = Quaternion(3.03521e-08, 0.920355, -0.391084, -6.95368e-08)
bones/32/position = Vector3(0.170945, 0.292817, 0.576319)
bones/33/position = Vector3(0.201467, 0.0283298, 0.190431)
bones/33/rotation = Quaternion(-0.691238, -7.19424e-08, -6.90843e-08, 0.722627)
bones/39/position = Vector3(-0.170945, 0.292817, 0.576319)
bones/40/position = Vector3(-0.170945, 0.0308004, 0.252137)
bones/40/rotation = Quaternion(-0.711859, -7.01198e-08, -7.09386e-08, 0.702322)
bones/47/position = Vector3(0.520521, 0.775821, -0.0528703)
bones/47/rotation = Quaternion(0.788645, 0.00893258, 0.614775, 0.00321566)
bones/49/position = Vector3(-0.5109, 0.775821, 0.061181)
bones/49/rotation = Quaternion(0.752792, -0.0101498, -0.658172, 0.00346912)

[node name="1H_Sword_Offhand" parent="Enemies/Enemy_knight3/Rig/Skeleton3D" index="0"]
transform = Transform3D(0.00647118, 0.248555, 0.968596, 0.999965, 0.00335243, -0.00754019, -0.00512074, 0.968611, -0.248525, 0.510118, 0.625084, 0.00913535)

[node name="Badge_Shield" parent="Enemies/Enemy_knight3/Rig/Skeleton3D" index="1"]
transform = Transform3D(0.00647117, 0.248555, 0.968596, 0.999965, 0.0033499, -0.00753952, -0.00511812, 0.968611, -0.248524, 0.661108, 0.623909, -0.029606)

[node name="Rectangle_Shield" parent="Enemies/Enemy_knight3/Rig/Skeleton3D" index="2"]
transform = Transform3D(0.00647117, 0.248555, 0.968596, 0.999965, 0.0033499, -0.00753952, -0.00511812, 0.968611, -0.248524, 0.661108, 0.623909, -0.029606)

[node name="Round_Shield" parent="Enemies/Enemy_knight3/Rig/Skeleton3D" index="3"]
transform = Transform3D(0.00647117, 0.248555, 0.968596, 0.999965, 0.0033499, -0.00753952, -0.00511812, 0.968611, -0.248524, 0.661108, 0.623909, -0.029606)

[node name="Spike_Shield" parent="Enemies/Enemy_knight3/Rig/Skeleton3D" index="4"]
transform = Transform3D(0.00647117, 0.248555, 0.968596, 0.999965, 0.0033499, -0.00753952, -0.00511812, 0.968611, -0.248524, 0.661108, 0.623909, -0.029606)

[node name="1H_Sword" parent="Enemies/Enemy_knight3/Rig/Skeleton3D" index="5"]
transform = Transform3D(-0.00644435, -0.143796, 0.989586, 0.999978, 0.000522448, 0.00658712, -0.0014635, 0.989606, 0.143789, -0.493591, 0.628995, 0.14535)

[node name="2H_Sword" parent="Enemies/Enemy_knight3/Rig/Skeleton3D" index="6"]
transform = Transform3D(-0.00644437, -0.143796, 0.989586, 0.999978, 0.000522433, 0.00658713, -0.00146349, 0.989606, 0.143789, -0.493591, 0.628995, 0.14535)

[node name="Knight_Helmet" parent="Enemies/Enemy_knight3/Rig/Skeleton3D" index="7"]
transform = Transform3D(0.999735, 0.000169952, 0.0230028, -3.88236e-05, 0.999984, -0.00570088, -0.0230034, 0.00569848, 0.999719, 0.000194099, 1.18173, 0.00745099)

[node name="Knight_Cape" parent="Enemies/Enemy_knight3/Rig/Skeleton3D" index="8"]
transform = Transform3D(0.996843, 0.000515065, 0.0794002, 0.000410517, 0.999932, -0.0116404, -0.0794008, 0.0116363, 0.996775, 0.000184802, 1.18173, 0.00729935)

[node name="CanvasLayer" type="CanvasLayer" parent="."]
visible = false

[node name="TextureRect" type="TextureRect" parent="CanvasLayer"]
anchors_preset = 8
anchor_left = 0.5
anchor_top = 0.5
anchor_right = 0.5
anchor_bottom = 0.5
offset_left = -72.0
offset_top = -72.0
offset_right = 72.0
offset_bottom = 72.0
grow_horizontal = 2
grow_vertical = 2
scale = Vector2(0.2, 0.2)
pivot_offset = Vector2(72, 72)
texture = ExtResource("6_un3wj")

[editable path="Enemies/Enemy_knight3"]
