[gd_scene load_steps=11 format=3 uid="uid://d213ekm8t7n6e"]

[ext_resource type="Script" path="res://Scenes/Levels/map_1.gd" id="1_ap2tv"]
[ext_resource type="PackedScene" uid="uid://bcwi26wn42ami" path="res://Scenes/Characters/enemy_knight.tscn" id="4_deukx"]
[ext_resource type="Script" path="res://Scenes/Levels/characters.gd" id="5_ai5fv"]
[ext_resource type="Texture2D" uid="uid://ds1y7ha6joqjx" path="res://assets/crosshair.png" id="6_un3wj"]
[ext_resource type="PackedScene" uid="uid://d4i3yiownurkd" path="res://Scenes/Characters/knight.tscn" id="7_2y4nr"]
[ext_resource type="PackedScene" uid="uid://7bn5yfh63556" path="res://Scenes/Objects/long_wall.tscn" id="7_jysqb"]
[ext_resource type="PackedScene" uid="uid://d2fccb705pkl2" path="res://Scenes/Characters/enemy_mage.tscn" id="8_7ctj3"]

[sub_resource type="ProceduralSkyMaterial" id="ProceduralSkyMaterial_m4v2a"]
sky_top_color = Color(0.350873, 0.529002, 0.847461, 1)
sky_horizon_color = Color(0.444498, 0.658373, 0.858097, 1)
ground_bottom_color = Color(0.294903, 0.440488, 0.708235, 1)
ground_horizon_color = Color(0.423798, 0.670074, 0.822688, 1)

[sub_resource type="Sky" id="Sky_f08gv"]
sky_material = SubResource("ProceduralSkyMaterial_m4v2a")

[sub_resource type="Environment" id="Environment_sjn8t"]
background_mode = 2
sky = SubResource("Sky_f08gv")
ambient_light_source = 3
ambient_light_color = Color(0.333028, 0.721945, 1, 1)

[node name="map1" type="Node3D"]
transform = Transform3D(1, 0, 0, 0, 1, 0, 0, 0, 1, 0.11553, 0, 0.298237)
script = ExtResource("1_ap2tv")

[node name="map" type="Node3D" parent="."]

[node name="floor" type="CSGBox3D" parent="map"]
transform = Transform3D(1420.57, 0, 0, 0, 0.756512, 0, 0, 0, 1497.96, 0, -0.376991, 0)
use_collision = true

[node name="Node3D" parent="map" instance=ExtResource("7_jysqb")]

[node name="Node3D2" parent="map" instance=ExtResource("7_jysqb")]
transform = Transform3D(1, 0, 0, 0, 1, 0, 0, 0, 1, 29.1055, 0, 0)

[node name="Node3D3" parent="map" instance=ExtResource("7_jysqb")]
transform = Transform3D(1, 0, 0, 0, 1, 0, 0, 0, 1, 59.4123, 0, 0)

[node name="Node3D4" parent="map" instance=ExtResource("7_jysqb")]
transform = Transform3D(-4.37114e-08, 0, -1, 0, 1, 0, 1, 0, -4.37114e-08, 88.4472, 0, 0)

[node name="Node3D5" parent="map" instance=ExtResource("7_jysqb")]
transform = Transform3D(1, 0, 0, 0, 1, 0, 0, 0, 1, 88.4472, 0, 30.4853)

[node name="Node3D6" parent="map" instance=ExtResource("7_jysqb")]
transform = Transform3D(-4.37114e-08, 0, -1, 0, 1, 0, 1, 0, -4.37114e-08, 119.105, 0, 0)

[node name="Node3D7" parent="map" instance=ExtResource("7_jysqb")]
transform = Transform3D(1, 0, 0, 0, 1, 0, 0, 0, 1, -0.784554, 0, -34.817)

[node name="Node3D8" parent="map" instance=ExtResource("7_jysqb")]
transform = Transform3D(1, 0, 0, 0, 1, 0, 0, 0, 1, 28.3209, 0, -34.817)

[node name="Node3D9" parent="map" instance=ExtResource("7_jysqb")]
transform = Transform3D(1, 0, 0, 0, 1, 0, 0, 0, 1, 58.6277, 0, -34.817)

[node name="Node3D10" parent="map" instance=ExtResource("7_jysqb")]
transform = Transform3D(-4.37114e-08, 0, -1, 0, 1, 0, 1, 0, -4.37114e-08, 118.32, 0, -34.817)

[node name="Node3D11" parent="map" instance=ExtResource("7_jysqb")]
transform = Transform3D(1, 0, 0, 0, 1, 0, 0, 0, 1, 89.2796, 0, -34.817)

[node name="Node3D12" parent="map" instance=ExtResource("7_jysqb")]
transform = Transform3D(-4.37114e-08, 0, -1, 0, 1, 0, 1, 0, -4.37114e-08, 119.105, 0, -9.92822)

[node name="TextureRect" type="TextureRect" parent="."]
visible = false
anchors_preset = 8
anchor_left = 0.5
anchor_top = 0.5
anchor_right = 0.5
anchor_bottom = 0.5
offset_left = -71.0
offset_top = -73.0
offset_right = 73.0
offset_bottom = 71.0
grow_horizontal = 2
grow_vertical = 2
scale = Vector2(0.2, 0.2)
pivot_offset = Vector2(72, 72)
size_flags_horizontal = 0
size_flags_vertical = 8
texture = ExtResource("6_un3wj")
metadata/_edit_use_anchors_ = true

[node name="WorldEnvironment" type="WorldEnvironment" parent="."]
environment = SubResource("Environment_sjn8t")

[node name="DirectionalLight3D" type="DirectionalLight3D" parent="."]
transform = Transform3D(1, 0, 0, 0, -0.800805, 0.598926, 0, -0.598926, -0.800805, 0, 14.862, 0)
shadow_enabled = true

[node name="Player Units" type="Node3D" parent="."]
transform = Transform3D(1, 0, 0, 0, 1, 0, 0, 0, 1, 0, 0, -25.3349)

[node name="Node3D" type="Node3D" parent="Player Units"]
transform = Transform3D(1, 0, 0, 0, 1, 0, 0, 0, 1, -17.5593, 4.76837e-07, 4.63106)
script = ExtResource("5_ai5fv")

[node name="Knight" parent="Player Units/Node3D" instance=ExtResource("7_2y4nr")]
transform = Transform3D(1, 0, 0, 0, 1, 0, 0, 0, 1, 3, 0, 0)

[node name="Knight2" parent="Player Units/Node3D" instance=ExtResource("7_2y4nr")]
transform = Transform3D(1, 0, 0, 0, 1, 0, 0, 0, 1, 6.73912, 0, 0)

[node name="Enemies" type="Node3D" parent="."]
transform = Transform3D(1, 0, 0, 0, 1, 0, 0, 0, 1, 104.182, 0, 15.6002)

[node name="Enemy_knight" parent="Enemies" instance=ExtResource("4_deukx")]
transform = Transform3D(1, 0, 0, 0, 1, 0, 0, 0, 1, -90.4371, 0.487544, -31.9816)

[node name="Enemy_knight2" parent="Enemies" instance=ExtResource("4_deukx")]
transform = Transform3D(1, 0, 0, 0, 1, 0, 0, 0, 1, -97.178, 0, -41.417)

[node name="Enemy_knight3" parent="Enemies" instance=ExtResource("4_deukx")]
transform = Transform3D(1, 0, 0, 0, 1, 0, 0, 0, 1, -92.9034, 0, -34.3288)

[node name="Skeleton3D" parent="Enemies/Enemy_knight3/Rig" index="0"]
bones/0/position = Vector3(0, 0.000551993, 0)
bones/1/position = Vector3(-9.447e-19, 0.392059, 6.57568e-20)
bones/1/rotation = Quaternion(0.00220108, 0.0421635, 1.36416e-05, 0.999108)
bones/2/rotation = Quaternion(0.00261764, -0.00229391, 0.000220939, 0.999994)
bones/3/rotation = Quaternion(0.000999813, -0.000211604, -9.46099e-05, 1)
bones/4/position = Vector3(0.211511, 0.133665, -0.000988692)
bones/4/rotation = Quaternion(-0.5669, -0.0642004, -0.642797, 0.511189)
bones/5/rotation = Quaternion(2.69183e-08, -4.53329e-08, -0.493482, 0.869756)
bones/7/rotation = Quaternion(-0.321408, -0.323036, 0.133812, 0.880022)
bones/8/rotation = Quaternion(-0.00108757, 0.00145841, -0.702999, 0.711189)
bones/14/position = Vector3(-0.211917, 0.133869, -0.00109841)
bones/14/rotation = Quaternion(-0.619495, 0.0850635, 0.620427, 0.473351)
bones/15/rotation = Quaternion(3.52304e-08, 4.08956e-08, 0.516803, 0.856104)
bones/17/rotation = Quaternion(-0.318134, 0.298662, -0.214971, 0.873716)
bones/18/rotation = Quaternion(-0.000897588, -0.000649756, 0.703035, 0.711154)
bones/21/rotation = Quaternion(-0.0029786, -0.028924, 6.24906e-05, 0.999577)
bones/24/position = Vector3(0.170945, 0.113587, -0.0008949)
bones/24/rotation = Quaternion(0.993931, 0.081909, 0.0718438, 0.0152116)
bones/25/rotation = Quaternion(0.216435, 6.33307e-08, -1.43823e-07, 0.976297)
bones/26/rotation = Quaternion(-0.516713, -0.204808, 0.0428663, 0.830195)
bones/27/rotation = Quaternion(-1.02179e-08, 0.920355, -0.391084, 7.81065e-08)
bones/28/position = Vector3(-0.170945, 0.113587, 0.000894931)
bones/28/rotation = Quaternion(0.99696, -0.0286391, 0.0309405, 0.0655306)
bones/29/rotation = Quaternion(0.276492, -6.39934e-08, 1.93102e-07, 0.961016)
bones/30/rotation = Quaternion(-0.560303, 0.111888, -0.00897, 0.820647)
bones/31/rotation = Quaternion(3.03519e-08, 0.920355, -0.391084, -6.95369e-08)
bones/32/position = Vector3(0.170945, 0.293407, 0.576909)
bones/33/position = Vector3(0.201467, 0.0278736, 0.192512)
bones/33/rotation = Quaternion(-0.692081, -7.18613e-08, -6.91784e-08, 0.72182)
bones/39/position = Vector3(-0.170945, 0.293407, 0.576909)
bones/40/position = Vector3(-0.170945, 0.0280392, 0.249714)
bones/40/rotation = Quaternion(-0.70924, -7.03769e-08, -7.06762e-08, 0.704967)
bones/47/position = Vector3(0.520522, 0.787548, -0.0525485)
bones/47/rotation = Quaternion(0.788449, 0.00931779, 0.61502, 0.00350743)
bones/49/position = Vector3(-0.510901, 0.787548, 0.0615028)
bones/49/rotation = Quaternion(0.752581, -0.0105505, -0.658405, 0.0037392)

[node name="1H_Sword_Offhand" parent="Enemies/Enemy_knight3/Rig/Skeleton3D" index="0"]
transform = Transform3D(0.00546607, 0.248485, 0.96862, 0.999868, 0.0134281, -0.00908625, -0.015264, 0.968542, -0.248379, 0.510466, 0.636328, 0.00802422)

[node name="Badge_Shield" parent="Enemies/Enemy_knight3/Rig/Skeleton3D" index="1"]
transform = Transform3D(0.00546605, 0.248485, 0.96862, 0.999868, 0.0134256, -0.00908558, -0.0152614, 0.968542, -0.248379, 0.66146, 0.634911, -0.0306943)

[node name="Rectangle_Shield" parent="Enemies/Enemy_knight3/Rig/Skeleton3D" index="2"]
transform = Transform3D(0.00546605, 0.248485, 0.96862, 0.999868, 0.0134256, -0.00908558, -0.0152614, 0.968542, -0.248379, 0.66146, 0.634911, -0.0306943)

[node name="Round_Shield" parent="Enemies/Enemy_knight3/Rig/Skeleton3D" index="3"]
transform = Transform3D(0.00546605, 0.248485, 0.96862, 0.999868, 0.0134256, -0.00908558, -0.0152614, 0.968542, -0.248379, 0.66146, 0.634911, -0.0306943)

[node name="Spike_Shield" parent="Enemies/Enemy_knight3/Rig/Skeleton3D" index="4"]
transform = Transform3D(0.00546605, 0.248485, 0.96862, 0.999868, 0.0134256, -0.00908558, -0.0152614, 0.968542, -0.248379, 0.66146, 0.634911, -0.0306943)

[node name="1H_Sword" parent="Enemies/Enemy_knight3/Rig/Skeleton3D" index="5"]
transform = Transform3D(-0.00427949, -0.13592, 0.99071, 0.999931, 0.0101882, 0.00571605, -0.0108702, 0.990667, 0.135867, -0.494039, 0.640226, 0.144611)

[node name="2H_Sword" parent="Enemies/Enemy_knight3/Rig/Skeleton3D" index="6"]
transform = Transform3D(-0.00427951, -0.13592, 0.99071, 0.999931, 0.0101882, 0.00571606, -0.0108702, 0.990667, 0.135867, -0.494039, 0.640226, 0.144611)

[node name="Knight_Helmet" parent="Enemies/Enemy_knight3/Rig/Skeleton3D" index="7"]
transform = Transform3D(0.999743, 7.63653e-05, 0.0226744, 5.26296e-05, 0.999984, -0.00568835, -0.0226745, 0.00568808, 0.999727, 0.000226067, 1.2028, 0.00744522)

[node name="Knight_Cape" parent="Enemies/Enemy_knight3/Rig/Skeleton3D" index="8"]
transform = Transform3D(0.996759, 0.000508459, 0.0804439, 0.000428841, 0.999932, -0.0116339, -0.0804444, 0.0116307, 0.996691, 0.000214548, 1.2028, 0.00729345)

[node name="Enemy_Mage" parent="Enemies" instance=ExtResource("8_7ctj3")]
transform = Transform3D(1, 0, 0, 0, 1, 0, 0, 0, 1, -10.3033, 0.00179386, -44)

[node name="Enemy_knight4" parent="Enemies" instance=ExtResource("4_deukx")]
transform = Transform3D(1, 0, 0, 0, 1, 0, 0, 0, 1, -64.6559, 0, -31.1825)

[node name="Enemy_knight5" parent="Enemies" instance=ExtResource("4_deukx")]
transform = Transform3D(1, 0, 0, 0, 1, 0, 0, 0, 1, -68.817, 0, -31.1825)

[node name="Enemy_Mage2" parent="Enemies" instance=ExtResource("8_7ctj3")]
transform = Transform3D(1, 0, 0, 0, 1, 0, 0, 0, 1, -26, 0, -20)

[node name="CanvasLayer" type="CanvasLayer" parent="."]
visible = false

[node name="TextureRect" type="TextureRect" parent="CanvasLayer"]
anchors_preset = 8
anchor_left = 0.5
anchor_top = 0.5
anchor_right = 0.5
anchor_bottom = 0.5
offset_left = -72.0
offset_top = -72.0
offset_right = 72.0
offset_bottom = 72.0
grow_horizontal = 2
grow_vertical = 2
scale = Vector2(0.2, 0.2)
pivot_offset = Vector2(72, 72)
texture = ExtResource("6_un3wj")

[node name="section" type="Node3D" parent="."]

[node name="Node3D" parent="section" instance=ExtResource("7_jysqb")]
transform = Transform3D(-0.0167893, 0, -0.999859, 0, 1, 0, 0.999859, 0, -0.0167893, -35.1345, 0, -0.444759)

[node name="Node3D2" parent="section" instance=ExtResource("7_jysqb")]
transform = Transform3D(-0.0167893, 0, -0.999859, 0, 1, 0, 0.999859, 0, -0.0167893, -35.6232, 0, 28.6566)

[node name="Node3D3" parent="section" instance=ExtResource("7_jysqb")]
transform = Transform3D(-0.0167893, 0, -0.999859, 0, 1, 0, 0.999859, 0, -0.0167893, -36.132, 0, 58.9592)

[node name="Node3D4" parent="section" instance=ExtResource("7_jysqb")]
transform = Transform3D(-0.999859, 0, 0.0167893, 0, 1, 0, -0.0167893, 0, -0.999859, -36.6195, 0, 87.99)

[node name="Node3D5" parent="section" instance=ExtResource("7_jysqb")]
transform = Transform3D(-0.0167893, 0, -0.999859, 0, 1, 0, 0.999859, 0, -0.0167893, -67.1005, 0, 87.4781)

[node name="Node3D6" parent="section" instance=ExtResource("7_jysqb")]
transform = Transform3D(-0.999859, 0, 0.0167893, 0, 1, 0, -0.0167893, 0, -0.999859, -37.1342, 0, 118.643)

[node name="Node3D7" parent="section" instance=ExtResource("7_jysqb")]
transform = Transform3D(-0.0167893, 0, -0.999859, 0, 1, 0, 0.999859, 0, -0.0167893, -0.309231, 0, -0.64465)

[node name="Node3D8" parent="section" instance=ExtResource("7_jysqb")]
transform = Transform3D(-0.0167893, 0, -0.999859, 0, 1, 0, 0.999859, 0, -0.0167893, -0.797894, 0, 28.4567)

[node name="Node3D9" parent="section" instance=ExtResource("7_jysqb")]
transform = Transform3D(-0.0167893, 0, -0.999859, 0, 1, 0, 0.999859, 0, -0.0167893, -1.30672, 0, 58.7592)

[node name="Node3D10" parent="section" instance=ExtResource("7_jysqb")]
transform = Transform3D(-0.999859, 0, 0.0167893, 0, 1, 0, -0.0167893, 0, -0.999859, -2.30891, 0, 118.443)

[node name="Node3D11" parent="section" instance=ExtResource("7_jysqb")]
transform = Transform3D(-0.0167893, 0, -0.999859, 0, 1, 0, 0.999859, 0, -0.0167893, -1.82135, 0, 89.4068)

[node name="Node3D12" parent="section" instance=ExtResource("7_jysqb")]
transform = Transform3D(-0.999859, 0, 0.0167893, 0, 1, 0, -0.0167893, 0, -0.999859, -27.2074, 0, 118.81)

[editable path="Enemies/Enemy_knight3"]
