[gd_scene load_steps=13 format=3 uid="uid://d213ekm8t7n6e"]

[ext_resource type="Script" path="res://Scenes/Levels/map_1.gd" id="1_ap2tv"]
[ext_resource type="PackedScene" uid="uid://bcwi26wn42ami" path="res://Scenes/Characters/enemy_knight.tscn" id="4_deukx"]
[ext_resource type="Script" path="res://Scenes/Levels/characters.gd" id="5_ai5fv"]
[ext_resource type="Texture2D" uid="uid://ds1y7ha6joqjx" path="res://assets/crosshair.png" id="6_un3wj"]
[ext_resource type="PackedScene" uid="uid://d4i3yiownurkd" path="res://Scenes/Characters/knight.tscn" id="7_2y4nr"]
[ext_resource type="PackedScene" uid="uid://7bn5yfh63556" path="res://Scenes/Objects/long_wall.tscn" id="7_jysqb"]
[ext_resource type="PackedScene" uid="uid://yrjfdgreeeyj" path="res://Scenes/Characters/strong_enemy_knight.tscn" id="8_5jhe0"]
[ext_resource type="PackedScene" uid="uid://d2fccb705pkl2" path="res://Scenes/Characters/enemy_mage.tscn" id="8_7ctj3"]
[ext_resource type="PackedScene" uid="uid://dm6uihhq1ocrg" path="res://Scenes/Objects/wall.tscn" id="8_hjd2y"]

[sub_resource type="ProceduralSkyMaterial" id="ProceduralSkyMaterial_m4v2a"]
sky_top_color = Color(0.350873, 0.529002, 0.847461, 1)
sky_horizon_color = Color(0.444498, 0.658373, 0.858097, 1)
ground_bottom_color = Color(0.294903, 0.440488, 0.708235, 1)
ground_horizon_color = Color(0.423798, 0.670074, 0.822688, 1)

[sub_resource type="Sky" id="Sky_f08gv"]
sky_material = SubResource("ProceduralSkyMaterial_m4v2a")

[sub_resource type="Environment" id="Environment_sjn8t"]
background_mode = 2
sky = SubResource("Sky_f08gv")
ambient_light_source = 3
ambient_light_color = Color(0.333028, 0.721945, 1, 1)

[node name="map1" type="Node3D"]
transform = Transform3D(1, 0, 0, 0, 1, 0, 0, 0, 1, 0.0232715, -3.8147e-06, 0.581143)
script = ExtResource("1_ap2tv")

[node name="map" type="Node3D" parent="."]

[node name="floor" type="CSGBox3D" parent="map"]
transform = Transform3D(1420.57, 0, 0, 0, 0.756512, 0, 0, 0, 1497.96, 0, -0.376991, 0)
use_collision = true

[node name="Node3D" parent="map" instance=ExtResource("7_jysqb")]

[node name="Node3D2" parent="map" instance=ExtResource("7_jysqb")]
transform = Transform3D(1, 0, 0, 0, 1, 0, 0, 0, 1, 29.1055, 0, 0)

[node name="Node3D3" parent="map" instance=ExtResource("7_jysqb")]
transform = Transform3D(1, 0, 0, 0, 1, 0, 0, 0, 1, 59.4123, 0, 0)

[node name="Node3D4" parent="map" instance=ExtResource("7_jysqb")]
transform = Transform3D(-4.37114e-08, 0, -1, 0, 1, 0, 1, 0, -4.37114e-08, 88.4472, 0, 0)

[node name="Node3D5" parent="map" instance=ExtResource("7_jysqb")]
transform = Transform3D(1, 0, 0, 0, 1, 0, 0, 0, 1, 88.4472, 0, 30.4853)

[node name="Node3D6" parent="map" instance=ExtResource("7_jysqb")]
transform = Transform3D(-4.37114e-08, 0, -1, 0, 1, 0, 1, 0, -4.37114e-08, 119.105, 0, 0)

[node name="Node3D7" parent="map" instance=ExtResource("7_jysqb")]
transform = Transform3D(1, 0, 0, 0, 1, 0, 0, 0, 1, -0.784554, 0, -34.817)

[node name="Node3D8" parent="map" instance=ExtResource("7_jysqb")]
transform = Transform3D(1, 0, 0, 0, 1, 0, 0, 0, 1, 28.3209, 0, -34.817)

[node name="Node3D9" parent="map" instance=ExtResource("7_jysqb")]
transform = Transform3D(1, 0, 0, 0, 1, 0, 0, 0, 1, 58.6277, 0, -34.817)

[node name="Node3D10" parent="map" instance=ExtResource("7_jysqb")]
transform = Transform3D(-4.37114e-08, 0, -1, 0, 1, 0, 1, 0, -4.37114e-08, 118.32, 0, -34.817)

[node name="Node3D11" parent="map" instance=ExtResource("7_jysqb")]
transform = Transform3D(1, 0, 0, 0, 1, 0, 0, 0, 1, 89.2796, 0, -34.817)

[node name="Node3D12" parent="map" instance=ExtResource("7_jysqb")]
transform = Transform3D(-4.37114e-08, 0, -1, 0, 1, 0, 1, 0, -4.37114e-08, 119.105, 0, -9.92822)

[node name="TextureRect" type="TextureRect" parent="."]
visible = false
anchors_preset = 8
anchor_left = 0.5
anchor_top = 0.5
anchor_right = 0.5
anchor_bottom = 0.5
offset_left = -71.0
offset_top = -73.0
offset_right = 73.0
offset_bottom = 71.0
grow_horizontal = 2
grow_vertical = 2
scale = Vector2(0.2, 0.2)
pivot_offset = Vector2(72, 72)
size_flags_horizontal = 0
size_flags_vertical = 8
texture = ExtResource("6_un3wj")
metadata/_edit_use_anchors_ = true

[node name="WorldEnvironment" type="WorldEnvironment" parent="."]
environment = SubResource("Environment_sjn8t")

[node name="DirectionalLight3D" type="DirectionalLight3D" parent="."]
transform = Transform3D(1, 0, 0, 0, -0.800805, 0.598926, 0, -0.598926, -0.800805, 0, 14.862, 0)
shadow_enabled = true

[node name="Player Units" type="Node3D" parent="."]
transform = Transform3D(1, 0, 0, 0, 1, 0, 0, 0, 1, -14.6335, 0.103006, -32.2838)

[node name="Node3D" type="Node3D" parent="Player Units"]
transform = Transform3D(1, 0, 0, 0, 1, 0, 0, 0, 1, -17.5593, 4.76837e-07, 4.63106)
script = ExtResource("5_ai5fv")

[node name="Knight" parent="Player Units/Node3D" instance=ExtResource("7_2y4nr")]
transform = Transform3D(1, 0, 0, 0, 1, 0, 0, 0, 1, 2.68441, -0.322746, -0.245457)

[node name="Knight3" parent="Player Units/Node3D" instance=ExtResource("7_2y4nr")]

[node name="Enemies" type="Node3D" parent="."]
transform = Transform3D(1, 0, 0, 0, 1, 0, 0, 0, 1, 104.182, 0, 15.6002)

[node name="Enemy_knight" parent="Enemies" instance=ExtResource("4_deukx")]
transform = Transform3D(1, 0, 0, 0, 1, 0, 0, 0, 1, -90.4371, 0.487544, -31.9816)

[node name="Enemy_knight2" parent="Enemies" instance=ExtResource("4_deukx")]
transform = Transform3D(1, 0, 0, 0, 1, 0, 0, 0, 1, -97.178, 0, -41.417)

[node name="Enemy_knight3" parent="Enemies" instance=ExtResource("4_deukx")]
transform = Transform3D(1, 0, 0, 0, 1, 0, 0, 0, 1, -92.9034, 0, -34.3288)

[node name="Skeleton3D" parent="Enemies/Enemy_knight3/Rig" index="0"]
bones/0/position = Vector3(0, 0.000209183, 0)
bones/1/position = Vector3(-2.81351e-19, 0.371446, 7.29107e-19)
bones/1/rotation = Quaternion(0.00222702, 0.0421634, 1.47423e-05, 0.999108)
bones/2/rotation = Quaternion(0.00261675, 0.00103263, -3.50047e-05, 0.999996)
bones/3/rotation = Quaternion(0.000985045, -0.000156418, 0.000189341, 1)
bones/4/position = Vector3(0.21183, 0.133825, -0.001075)
bones/4/rotation = Quaternion(-0.556704, -0.0610676, -0.637772, 0.52877)
bones/5/rotation = Quaternion(3.67802e-08, -5.83829e-08, -0.518088, 0.855327)
bones/7/rotation = Quaternion(-0.320272, -0.33638, 0.140482, 0.874379)
bones/8/rotation = Quaternion(-0.0004246, 0.00209027, -0.700558, 0.713593)
bones/14/position = Vector3(-0.211597, 0.133709, -0.0010121)
bones/14/rotation = Quaternion(-0.615865, 0.0798844, 0.611338, 0.490505)
bones/15/rotation = Quaternion(2.77611e-08, 4.39742e-08, 0.538934, 0.842348)
bones/17/rotation = Quaternion(-0.321481, 0.312419, -0.219911, 0.86642)
bones/18/rotation = Quaternion(0.00128939, 0.001928, 0.700744, 0.713409)
bones/21/rotation = Quaternion(-0.00299654, -0.0311743, 0.000201111, 0.99951)
bones/24/position = Vector3(0.170945, 0.113587, -0.000324711)
bones/24/rotation = Quaternion(0.990139, 0.0819999, 0.0763625, 0.0840768)
bones/25/rotation = Quaternion(0.379936, 6.0602e-08, -2.60511e-07, 0.925013)
bones/26/rotation = Quaternion(-0.613331, -0.196978, 0.073117, 0.761366)
bones/27/rotation = Quaternion(-9.94283e-09, 0.919946, -0.392045, 7.80967e-08)
bones/28/position = Vector3(-0.170945, 0.113587, 0.000324742)
bones/28/rotation = Quaternion(0.991432, -0.032066, 0.0294862, 0.123147)
bones/29/rotation = Quaternion(0.441847, -5.96009e-08, 3.08145e-07, 0.897091)
bones/30/rotation = Quaternion(-0.639058, 0.110078, -0.0220145, 0.760923)
bones/31/rotation = Quaternion(3.03537e-08, 0.920355, -0.391084, -6.9536e-08)
bones/32/position = Vector3(0.170945, 0.294136, 0.577638)
bones/33/position = Vector3(0.201467, 0.0254652, 0.205782)
bones/33/rotation = Quaternion(-0.706547, -7.05851e-08, -7.04728e-08, 0.707667)
bones/39/position = Vector3(-0.170945, 0.294136, 0.577638)
bones/40/position = Vector3(-0.170945, 0.0267953, 0.238026)
bones/40/rotation = Quaternion(-0.695275, -7.18393e-08, -6.91906e-08, 0.718743)
bones/47/position = Vector3(0.520522, 0.776781, -0.0521632)
bones/47/rotation = Quaternion(0.788213, 0.00978468, 0.615313, 0.00385089)
bones/49/position = Vector3(-0.510901, 0.776781, 0.0618881)
bones/49/rotation = Quaternion(0.752328, -0.0110358, -0.658683, 0.00405623)

[node name="1H_Sword_Offhand" parent="Enemies/Enemy_knight3/Rig/Skeleton3D" index="0"]
transform = Transform3D(0.00327192, 0.247033, 0.969001, 0.999965, 0.00662843, -0.0050654, -0.00767383, 0.968983, -0.247003, 0.509866, 0.625313, 0.00864301)

[node name="Badge_Shield" parent="Enemies/Enemy_knight3/Rig/Skeleton3D" index="1"]
transform = Transform3D(0.0032719, 0.247033, 0.969001, 0.999965, 0.0066259, -0.00506473, -0.00767121, 0.968983, -0.247002, 0.660919, 0.624524, -0.029861)

[node name="Rectangle_Shield" parent="Enemies/Enemy_knight3/Rig/Skeleton3D" index="2"]
transform = Transform3D(0.0032719, 0.247033, 0.969001, 0.999965, 0.0066259, -0.00506473, -0.00767121, 0.968983, -0.247002, 0.660919, 0.624524, -0.029861)

[node name="Round_Shield" parent="Enemies/Enemy_knight3/Rig/Skeleton3D" index="3"]
transform = Transform3D(0.0032719, 0.247033, 0.969001, 0.999965, 0.0066259, -0.00506473, -0.00767121, 0.968983, -0.247002, 0.660919, 0.624524, -0.029861)

[node name="Spike_Shield" parent="Enemies/Enemy_knight3/Rig/Skeleton3D" index="4"]
transform = Transform3D(0.0032719, 0.247033, 0.969001, 0.999965, 0.0066259, -0.00506473, -0.00767121, 0.968983, -0.247002, 0.660919, 0.624524, -0.029861)

[node name="1H_Sword" parent="Enemies/Enemy_knight3/Rig/Skeleton3D" index="5"]
transform = Transform3D(-0.00894927, -0.143662, 0.989586, 0.999925, 0.00693587, 0.0100489, -0.00830679, 0.989602, 0.143589, -0.493167, 0.629955, 0.147819)

[node name="2H_Sword" parent="Enemies/Enemy_knight3/Rig/Skeleton3D" index="6"]
transform = Transform3D(-0.00894929, -0.143662, 0.989586, 0.999925, 0.00693585, 0.0100489, -0.00830678, 0.989602, 0.143589, -0.493167, 0.629955, 0.147819)

[node name="Knight_Helmet" parent="Enemies/Enemy_knight3/Rig/Skeleton3D" index="7"]
transform = Transform3D(0.999689, -0.000256961, 0.0249316, 0.000398825, 0.999984, -0.00568533, -0.0249297, 0.00569351, 0.999673, 0.000424885, 1.18185, 0.00746363)

[node name="Knight_Cape" parent="Enemies/Enemy_knight3/Rig/Skeleton3D" index="8"]
transform = Transform3D(0.996192, 0.000480745, 0.0871816, 0.000537164, 0.999932, -0.0116519, -0.0871812, 0.0116544, 0.996124, 0.000405561, 1.18185, 0.00731139)

[node name="Enemy_Mage" parent="Enemies" instance=ExtResource("8_7ctj3")]
transform = Transform3D(1, 0, 0, 0, 1, 0, 0, 0, 1, -10.3033, 0.00179386, -44)

[node name="Enemy_knight4" parent="Enemies" instance=ExtResource("4_deukx")]
transform = Transform3D(1, 0, 0, 0, 1, 0, 0, 0, 1, -64.6559, 0, -31.1825)

[node name="Enemy_knight5" parent="Enemies" instance=ExtResource("4_deukx")]
transform = Transform3D(1, 0, 0, 0, 1, 0, 0, 0, 1, -68.817, 0, -31.1825)

[node name="Strong_enemy_knight" parent="Enemies" instance=ExtResource("8_5jhe0")]
transform = Transform3D(1, 0, 0, 0, 1, 0, 0, 0, 1, -127.073, 0, 0)

[node name="CanvasLayer" type="CanvasLayer" parent="."]
visible = false

[node name="TextureRect" type="TextureRect" parent="CanvasLayer"]
visible = false
anchors_preset = 8
anchor_left = 0.5
anchor_top = 0.5
anchor_right = 0.5
anchor_bottom = 0.5
offset_left = -72.0
offset_top = -72.0
offset_right = 72.0
offset_bottom = 72.0
grow_horizontal = 2
grow_vertical = 2
scale = Vector2(0.2, 0.2)
pivot_offset = Vector2(72, 72)
texture = ExtResource("6_un3wj")

[node name="section" type="Node3D" parent="."]

[node name="Node3D" parent="section" instance=ExtResource("7_jysqb")]
transform = Transform3D(-0.0167893, 0, -0.999859, 0, 1, 0, 0.999859, 0, -0.0167893, -35.1345, 0, -0.444759)

[node name="Node3D2" parent="section" instance=ExtResource("7_jysqb")]
transform = Transform3D(-0.0167893, 0, -0.999859, 0, 1, 0, 0.999859, 0, -0.0167893, -35.6232, 0, 28.6566)

[node name="Node3D3" parent="section" instance=ExtResource("7_jysqb")]
transform = Transform3D(-0.0167893, 0, -0.999859, 0, 1, 0, 0.999859, 0, -0.0167893, -36.132, 0, 58.9592)

[node name="Node3D4" parent="section" instance=ExtResource("7_jysqb")]
transform = Transform3D(-0.999859, 0, 0.0167893, 0, 1, 0, -0.0167893, 0, -0.999859, -36.6195, 0, 87.99)

[node name="Node3D5" parent="section" instance=ExtResource("7_jysqb")]
transform = Transform3D(-0.0167893, 0, -0.999859, 0, 1, 0, 0.999859, 0, -0.0167893, -67.1005, 0, 87.4781)

[node name="Node3D6" parent="section" instance=ExtResource("7_jysqb")]
transform = Transform3D(-0.999859, 0, 0.0167893, 0, 1, 0, -0.0167893, 0, -0.999859, -37.1342, 0, 118.643)

[node name="Node3D7" parent="section" instance=ExtResource("7_jysqb")]
transform = Transform3D(-0.0167893, 0, -0.999859, 0, 1, 0, 0.999859, 0, -0.0167893, -0.309231, 0, -0.64465)

[node name="Node3D8" parent="section" instance=ExtResource("7_jysqb")]
transform = Transform3D(-0.0167893, 0, -0.999859, 0, 1, 0, 0.999859, 0, -0.0167893, -0.797894, 0, 28.4567)

[node name="Node3D9" parent="section" instance=ExtResource("7_jysqb")]
transform = Transform3D(-0.0167893, 0, -0.999859, 0, 1, 0, 0.999859, 0, -0.0167893, -1.30672, 0, 58.7592)

[node name="Node3D10" parent="section" instance=ExtResource("7_jysqb")]
transform = Transform3D(-0.999859, 0, 0.0167893, 0, 1, 0, -0.0167893, 0, -0.999859, -2.30891, 0, 118.443)

[node name="Node3D11" parent="section" instance=ExtResource("7_jysqb")]
transform = Transform3D(-0.0167893, 0, -0.999859, 0, 1, 0, 0.999859, 0, -0.0167893, -1.82135, 0, 89.4068)

[node name="Node3D12" parent="section" instance=ExtResource("7_jysqb")]
transform = Transform3D(-0.999859, 0, 0.0167893, 0, 1, 0, -0.0167893, 0, -0.999859, -27.2074, 0, 118.81)

[node name="wall" parent="section" instance=ExtResource("8_hjd2y")]
transform = Transform3D(1, 0, 0, 0, 1, 0, 0, 0, 1, -14.3368, 0, 25.928)

[node name="wall2" parent="section" instance=ExtResource("8_hjd2y")]
transform = Transform3D(1, 0, 0, 0, 1, 0, 0, 0, 1, -10.3401, 0, 25.928)

[node name="wall3" parent="section" instance=ExtResource("8_hjd2y")]
transform = Transform3D(1, 0, 0, 0, 1, 0, 0, 0, 1, -18.473, 0, 25.928)

[node name="wall4" parent="section" instance=ExtResource("8_hjd2y")]
transform = Transform3D(1, 0, 0, 0, 1, 0, 0, 0, 1, -22.2542, 0, 25.928)

[node name="wall5" parent="section" instance=ExtResource("8_hjd2y")]
transform = Transform3D(1, 0, 0, 0, 1, 0, 0, 0, 1, -6.77327, 0, 25.928)

[node name="wall6" parent="section" instance=ExtResource("8_hjd2y")]
transform = Transform3D(1, 0, 0, 0, 1, 0, 0, 0, 1, -26.0004, 0, 25.928)

[node name="wall7" parent="section" instance=ExtResource("8_hjd2y")]
transform = Transform3D(1, 0, 0, 0, 1, 0, 0, 0, 1, -2.75554, 0, 25.928)

[node name="wall8" parent="section" instance=ExtResource("8_hjd2y")]
transform = Transform3D(1, 0, 0, 0, 1, 0, 0, 0, 1, -29.6, 0, 25.928)

[node name="CanvasLayer2" type="CanvasLayer" parent="."]

[editable path="Enemies/Enemy_knight3"]
