[gd_scene load_steps=13 format=3 uid="uid://d213ekm8t7n6e"]

[ext_resource type="Script" path="res://Scenes/Levels/map_1.gd" id="1_ap2tv"]
[ext_resource type="PackedScene" uid="uid://bcwi26wn42ami" path="res://Scenes/Characters/enemy_knight.tscn" id="4_deukx"]
[ext_resource type="Script" path="res://Scenes/Levels/characters.gd" id="5_ai5fv"]
[ext_resource type="Texture2D" uid="uid://ds1y7ha6joqjx" path="res://assets/crosshair.png" id="6_un3wj"]
[ext_resource type="PackedScene" uid="uid://d4i3yiownurkd" path="res://Scenes/Characters/knight.tscn" id="7_2y4nr"]
[ext_resource type="PackedScene" uid="uid://7bn5yfh63556" path="res://Scenes/Objects/long_wall.tscn" id="7_jysqb"]
[ext_resource type="PackedScene" uid="uid://yrjfdgreeeyj" path="res://Scenes/Characters/strong_enemy_knight.tscn" id="8_5jhe0"]
[ext_resource type="PackedScene" uid="uid://d2fccb705pkl2" path="res://Scenes/Characters/enemy_mage.tscn" id="8_7ctj3"]
[ext_resource type="PackedScene" uid="uid://dm6uihhq1ocrg" path="res://Scenes/Objects/wall.tscn" id="8_hjd2y"]

[sub_resource type="ProceduralSkyMaterial" id="ProceduralSkyMaterial_m4v2a"]
sky_top_color = Color(0.350873, 0.529002, 0.847461, 1)
sky_horizon_color = Color(0.444498, 0.658373, 0.858097, 1)
ground_bottom_color = Color(0.294903, 0.440488, 0.708235, 1)
ground_horizon_color = Color(0.423798, 0.670074, 0.822688, 1)

[sub_resource type="Sky" id="Sky_f08gv"]
sky_material = SubResource("ProceduralSkyMaterial_m4v2a")

[sub_resource type="Environment" id="Environment_sjn8t"]
background_mode = 2
sky = SubResource("Sky_f08gv")
ambient_light_source = 3
ambient_light_color = Color(0.333028, 0.721945, 1, 1)

[node name="map1" type="Node3D"]
transform = Transform3D(1, 0, 0, 0, 1, 0, 0, 0, 1, 0.0232715, -3.8147e-06, 0.581143)
script = ExtResource("1_ap2tv")

[node name="map" type="Node3D" parent="."]

[node name="floor" type="CSGBox3D" parent="map"]
transform = Transform3D(1420.57, 0, 0, 0, 0.756512, 0, 0, 0, 1497.96, 0, -0.376991, 0)
use_collision = true

[node name="Node3D" parent="map" instance=ExtResource("7_jysqb")]

[node name="Node3D2" parent="map" instance=ExtResource("7_jysqb")]
transform = Transform3D(1, 0, 0, 0, 1, 0, 0, 0, 1, 29.1055, 0, 0)

[node name="Node3D3" parent="map" instance=ExtResource("7_jysqb")]
transform = Transform3D(1, 0, 0, 0, 1, 0, 0, 0, 1, 59.4123, 0, 0)

[node name="Node3D4" parent="map" instance=ExtResource("7_jysqb")]
transform = Transform3D(-4.37114e-08, 0, -1, 0, 1, 0, 1, 0, -4.37114e-08, 88.4472, 0, 0)

[node name="Node3D5" parent="map" instance=ExtResource("7_jysqb")]
transform = Transform3D(1, 0, 0, 0, 1, 0, 0, 0, 1, 88.4472, 0, 30.4853)

[node name="Node3D6" parent="map" instance=ExtResource("7_jysqb")]
transform = Transform3D(-4.37114e-08, 0, -1, 0, 1, 0, 1, 0, -4.37114e-08, 119.105, 0, 0)

[node name="Node3D7" parent="map" instance=ExtResource("7_jysqb")]
transform = Transform3D(1, 0, 0, 0, 1, 0, 0, 0, 1, -0.784554, 0, -34.817)

[node name="Node3D8" parent="map" instance=ExtResource("7_jysqb")]
transform = Transform3D(1, 0, 0, 0, 1, 0, 0, 0, 1, 28.3209, 0, -34.817)

[node name="Node3D9" parent="map" instance=ExtResource("7_jysqb")]
transform = Transform3D(1, 0, 0, 0, 1, 0, 0, 0, 1, 58.6277, 0, -34.817)

[node name="Node3D10" parent="map" instance=ExtResource("7_jysqb")]
transform = Transform3D(-4.37114e-08, 0, -1, 0, 1, 0, 1, 0, -4.37114e-08, 118.32, 0, -34.817)

[node name="Node3D11" parent="map" instance=ExtResource("7_jysqb")]
transform = Transform3D(1, 0, 0, 0, 1, 0, 0, 0, 1, 89.2796, 0, -34.817)

[node name="Node3D12" parent="map" instance=ExtResource("7_jysqb")]
transform = Transform3D(-4.37114e-08, 0, -1, 0, 1, 0, 1, 0, -4.37114e-08, 119.105, 0, -9.92822)

[node name="TextureRect" type="TextureRect" parent="."]
visible = false
anchors_preset = 8
anchor_left = 0.5
anchor_top = 0.5
anchor_right = 0.5
anchor_bottom = 0.5
offset_left = -71.0
offset_top = -73.0
offset_right = 73.0
offset_bottom = 71.0
grow_horizontal = 2
grow_vertical = 2
scale = Vector2(0.2, 0.2)
pivot_offset = Vector2(72, 72)
size_flags_horizontal = 0
size_flags_vertical = 8
texture = ExtResource("6_un3wj")
metadata/_edit_use_anchors_ = true

[node name="WorldEnvironment" type="WorldEnvironment" parent="."]
environment = SubResource("Environment_sjn8t")

[node name="DirectionalLight3D" type="DirectionalLight3D" parent="."]
transform = Transform3D(1, 0, 0, 0, -0.800805, 0.598926, 0, -0.598926, -0.800805, 0, 14.862, 0)
shadow_enabled = true

[node name="Player Units" type="Node3D" parent="."]
transform = Transform3D(1, 0, 0, 0, 1, 0, 0, 0, 1, -14.6335, 0.103006, -32.2838)

[node name="Node3D" type="Node3D" parent="Player Units"]
transform = Transform3D(1, 0, 0, 0, 1, 0, 0, 0, 1, -17.5593, 4.76837e-07, 4.63106)
script = ExtResource("5_ai5fv")

[node name="Knight" parent="Player Units/Node3D" instance=ExtResource("7_2y4nr")]
transform = Transform3D(1, 0, 0, 0, 1, 0, 0, 0, 1, 2.68441, -0.322746, -0.245457)

[node name="Knight3" parent="Player Units/Node3D" instance=ExtResource("7_2y4nr")]

[node name="Enemies" type="Node3D" parent="."]
transform = Transform3D(1, 0, 0, 0, 1, 0, 0, 0, 1, 104.182, 0, 15.6002)

[node name="Enemy_knight" parent="Enemies" instance=ExtResource("4_deukx")]
transform = Transform3D(1, 0, 0, 0, 1, 0, 0, 0, 1, -90.4371, 0.487544, -31.9816)

[node name="Enemy_knight2" parent="Enemies" instance=ExtResource("4_deukx")]
transform = Transform3D(1, 0, 0, 0, 1, 0, 0, 0, 1, -97.178, 0, -41.417)

[node name="Enemy_knight3" parent="Enemies" instance=ExtResource("4_deukx")]
transform = Transform3D(1, 0, 0, 0, 1, 0, 0, 0, 1, -92.9034, 0, -34.3288)

[node name="Skeleton3D" parent="Enemies/Enemy_knight3/Rig" index="0"]
bones/0/position = Vector3(0, 8.05152e-05, 0)
bones/1/position = Vector3(-1.08564e-19, 0.370352, 1.69397e-19)
bones/1/rotation = Quaternion(0.00235493, 0.042163, 2.0169e-05, 0.999108)
bones/2/rotation = Quaternion(0.00261919, 0.000514227, 7.75108e-06, 0.999996)
bones/3/rotation = Quaternion(0.000987359, -0.000165039, 0.000145002, 1)
bones/4/position = Vector3(0.21178, 0.1338, -0.00106153)
bones/4/rotation = Quaternion(-0.555198, -0.0628556, -0.645967, 0.520126)
bones/5/rotation = Quaternion(2.83757e-08, -3.7739e-08, -0.503127, 0.864212)
bones/7/rotation = Quaternion(-0.317843, -0.33513, 0.132886, 0.87693)
bones/8/rotation = Quaternion(0.000172804, 0.00269932, -0.698344, 0.715757)
bones/14/position = Vector3(-0.211647, 0.133734, -0.00102558)
bones/14/rotation = Quaternion(-0.61392, 0.0820905, 0.619397, 0.482401)
bones/15/rotation = Quaternion(2.97106e-08, 5.20267e-08, 0.524747, 0.851258)
bones/17/rotation = Quaternion(-0.318484, 0.310435, -0.21252, 0.870077)
bones/18/rotation = Quaternion(0.00295479, 0.0038572, 0.699011, 0.715095)
bones/21/rotation = Quaternion(-0.00298633, -0.0319607, 0.000248761, 0.999485)
bones/24/position = Vector3(0.170945, 0.113587, 0.00193069)
bones/24/rotation = Quaternion(0.988968, 0.0828439, 0.0757273, 0.09667)
bones/25/rotation = Quaternion(0.39636, 5.70237e-08, -2.7059e-07, 0.918095)
bones/26/rotation = Quaternion(-0.616867, -0.196573, 0.0743551, 0.758489)
bones/27/rotation = Quaternion(-1.02232e-08, 0.920355, -0.391084, 7.81108e-08)
bones/28/position = Vector3(-0.170945, 0.113587, -0.00193066)
bones/28/rotation = Quaternion(0.991765, -0.0323829, 0.0292486, 0.120407)
bones/29/rotation = Quaternion(0.441484, -5.87965e-08, 3.07107e-07, 0.897269)
bones/30/rotation = Quaternion(-0.643939, 0.109923, -0.0228368, 0.756795)
bones/31/rotation = Quaternion(2.87886e-08, 0.91823, -0.396047, -6.93538e-08)
bones/32/position = Vector3(0.170945, 0.294417, 0.577919)
bones/33/position = Vector3(0.201467, 0.0271694, 0.211405)
bones/33/rotation = Quaternion(-0.706182, -7.04663e-08, -7.05916e-08, 0.70803)
bones/39/position = Vector3(-0.170945, 0.294417, 0.577919)
bones/40/position = Vector3(-0.170945, 0.0256579, 0.235688)
bones/40/rotation = Quaternion(-0.698123, -7.15089e-08, -6.95372e-08, 0.715978)
bones/47/position = Vector3(0.520522, 0.769147, -0.0520186)
bones/47/rotation = Quaternion(0.788125, 0.00996158, 0.615422, 0.00397814)
bones/49/position = Vector3(-0.510901, 0.769147, 0.0620327)
bones/49/rotation = Quaternion(0.752234, -0.0112193, -0.658788, 0.00417344)

[node name="1H_Sword_Offhand" parent="Enemies/Enemy_knight3/Rig/Skeleton3D" index="0"]
transform = Transform3D(0.00367526, 0.247141, 0.968972, 0.99999, 0.00127106, -0.00411593, -0.00224839, 0.968978, -0.247133, 0.509677, 0.617074, 0.00804039)

[node name="Badge_Shield" parent="Enemies/Enemy_knight3/Rig/Skeleton3D" index="1"]
transform = Transform3D(0.00367524, 0.247141, 0.968972, 0.99999, 0.00126853, -0.00411526, -0.00224577, 0.968978, -0.247133, 0.660725, 0.616432, -0.030484)

[node name="Rectangle_Shield" parent="Enemies/Enemy_knight3/Rig/Skeleton3D" index="2"]
transform = Transform3D(0.00367524, 0.247141, 0.968972, 0.99999, 0.00126853, -0.00411526, -0.00224577, 0.968978, -0.247133, 0.660725, 0.616432, -0.030484)

[node name="Round_Shield" parent="Enemies/Enemy_knight3/Rig/Skeleton3D" index="3"]
transform = Transform3D(0.00367524, 0.247141, 0.968972, 0.99999, 0.00126853, -0.00411526, -0.00224577, 0.968978, -0.247133, 0.660725, 0.616432, -0.030484)

[node name="Spike_Shield" parent="Enemies/Enemy_knight3/Rig/Skeleton3D" index="4"]
transform = Transform3D(0.00367524, 0.247141, 0.968972, 0.99999, 0.00126853, -0.00411526, -0.00224577, 0.968978, -0.247133, 0.660725, 0.616432, -0.030484)

[node name="1H_Sword" parent="Enemies/Enemy_knight3/Rig/Skeleton3D" index="5"]
transform = Transform3D(-0.00975346, -0.148473, 0.988868, 0.999944, 0.00241995, 0.0102251, -0.00391075, 0.988913, 0.148441, -0.493402, 0.621394, 0.14677)

[node name="2H_Sword" parent="Enemies/Enemy_knight3/Rig/Skeleton3D" index="6"]
transform = Transform3D(-0.00975348, -0.148473, 0.988868, 0.999944, 0.00241993, 0.0102251, -0.00391074, 0.988913, 0.148441, -0.493402, 0.621394, 0.14677)

[node name="Knight_Helmet" parent="Enemies/Enemy_knight3/Rig/Skeleton3D" index="7"]
transform = Transform3D(0.999751, -0.000340611, 0.0223037, 0.000473963, 0.999982, -0.00597389, -0.0223013, 0.00598298, 0.999733, 0.000394201, 1.18062, 0.00767738)

[node name="Knight_Cape" parent="Enemies/Enemy_knight3/Rig/Skeleton3D" index="8"]
transform = Transform3D(0.996284, 0.000480169, 0.0861309, 0.000548296, 0.999929, -0.0119167, -0.0861305, 0.0119196, 0.996213, 0.000372756, 1.18062, 0.00752576)

[node name="Enemy_Mage" parent="Enemies" instance=ExtResource("8_7ctj3")]
transform = Transform3D(1, 0, 0, 0, 1, 0, 0, 0, 1, -10.3033, 0.00179386, -44)

[node name="Enemy_knight4" parent="Enemies" instance=ExtResource("4_deukx")]
transform = Transform3D(1, 0, 0, 0, 1, 0, 0, 0, 1, -64.6559, 0, -31.1825)

[node name="Enemy_knight5" parent="Enemies" instance=ExtResource("4_deukx")]
transform = Transform3D(1, 0, 0, 0, 1, 0, 0, 0, 1, -68.817, 0, -31.1825)

[node name="Strong_enemy_knight" parent="Enemies" instance=ExtResource("8_5jhe0")]
transform = Transform3D(1, 0, 0, 0, 1, 0, 0, 0, 1, -127.073, 0, 0)

[node name="CanvasLayer" type="CanvasLayer" parent="."]
visible = false

[node name="TextureRect" type="TextureRect" parent="CanvasLayer"]
visible = false
anchors_preset = 8
anchor_left = 0.5
anchor_top = 0.5
anchor_right = 0.5
anchor_bottom = 0.5
offset_left = -72.0
offset_top = -72.0
offset_right = 72.0
offset_bottom = 72.0
grow_horizontal = 2
grow_vertical = 2
scale = Vector2(0.2, 0.2)
pivot_offset = Vector2(72, 72)
texture = ExtResource("6_un3wj")

[node name="section" type="Node3D" parent="."]

[node name="Node3D" parent="section" instance=ExtResource("7_jysqb")]
transform = Transform3D(-0.0167893, 0, -0.999859, 0, 1, 0, 0.999859, 0, -0.0167893, -35.1345, 0, -0.444759)

[node name="Node3D2" parent="section" instance=ExtResource("7_jysqb")]
transform = Transform3D(-0.0167893, 0, -0.999859, 0, 1, 0, 0.999859, 0, -0.0167893, -35.6232, 0, 28.6566)

[node name="Node3D3" parent="section" instance=ExtResource("7_jysqb")]
transform = Transform3D(-0.0167893, 0, -0.999859, 0, 1, 0, 0.999859, 0, -0.0167893, -36.132, 0, 58.9592)

[node name="Node3D4" parent="section" instance=ExtResource("7_jysqb")]
transform = Transform3D(-0.999859, 0, 0.0167893, 0, 1, 0, -0.0167893, 0, -0.999859, -36.6195, 0, 87.99)

[node name="Node3D5" parent="section" instance=ExtResource("7_jysqb")]
transform = Transform3D(-0.0167893, 0, -0.999859, 0, 1, 0, 0.999859, 0, -0.0167893, -67.1005, 0, 87.4781)

[node name="Node3D6" parent="section" instance=ExtResource("7_jysqb")]
transform = Transform3D(-0.999859, 0, 0.0167893, 0, 1, 0, -0.0167893, 0, -0.999859, -37.1342, 0, 118.643)

[node name="Node3D7" parent="section" instance=ExtResource("7_jysqb")]
transform = Transform3D(-0.0167893, 0, -0.999859, 0, 1, 0, 0.999859, 0, -0.0167893, -0.309231, 0, -0.64465)

[node name="Node3D8" parent="section" instance=ExtResource("7_jysqb")]
transform = Transform3D(-0.0167893, 0, -0.999859, 0, 1, 0, 0.999859, 0, -0.0167893, -0.797894, 0, 28.4567)

[node name="Node3D9" parent="section" instance=ExtResource("7_jysqb")]
transform = Transform3D(-0.0167893, 0, -0.999859, 0, 1, 0, 0.999859, 0, -0.0167893, -1.30672, 0, 58.7592)

[node name="Node3D10" parent="section" instance=ExtResource("7_jysqb")]
transform = Transform3D(-0.999859, 0, 0.0167893, 0, 1, 0, -0.0167893, 0, -0.999859, -2.30891, 0, 118.443)

[node name="Node3D11" parent="section" instance=ExtResource("7_jysqb")]
transform = Transform3D(-0.0167893, 0, -0.999859, 0, 1, 0, 0.999859, 0, -0.0167893, -1.82135, 0, 89.4068)

[node name="Node3D12" parent="section" instance=ExtResource("7_jysqb")]
transform = Transform3D(-0.999859, 0, 0.0167893, 0, 1, 0, -0.0167893, 0, -0.999859, -27.2074, 0, 118.81)

[node name="wall" parent="section" instance=ExtResource("8_hjd2y")]
transform = Transform3D(1, 0, 0, 0, 1, 0, 0, 0, 1, -14.3368, 0, 25.928)

[node name="wall2" parent="section" instance=ExtResource("8_hjd2y")]
transform = Transform3D(1, 0, 0, 0, 1, 0, 0, 0, 1, -10.3401, 0, 25.928)

[node name="wall3" parent="section" instance=ExtResource("8_hjd2y")]
transform = Transform3D(1, 0, 0, 0, 1, 0, 0, 0, 1, -18.473, 0, 25.928)

[node name="wall4" parent="section" instance=ExtResource("8_hjd2y")]
transform = Transform3D(1, 0, 0, 0, 1, 0, 0, 0, 1, -22.2542, 0, 25.928)

[node name="wall5" parent="section" instance=ExtResource("8_hjd2y")]
transform = Transform3D(1, 0, 0, 0, 1, 0, 0, 0, 1, -6.77327, 0, 25.928)

[node name="wall6" parent="section" instance=ExtResource("8_hjd2y")]
transform = Transform3D(1, 0, 0, 0, 1, 0, 0, 0, 1, -26.0004, 0, 25.928)

[node name="wall7" parent="section" instance=ExtResource("8_hjd2y")]
transform = Transform3D(1, 0, 0, 0, 1, 0, 0, 0, 1, -2.75554, 0, 25.928)

[node name="wall8" parent="section" instance=ExtResource("8_hjd2y")]
transform = Transform3D(1, 0, 0, 0, 1, 0, 0, 0, 1, -29.6, 0, 25.928)

[node name="CanvasLayer2" type="CanvasLayer" parent="."]

[editable path="Enemies/Enemy_knight3"]
