[gd_scene load_steps=9 format=3 uid="uid://d213ekm8t7n6e"]

[ext_resource type="Script" path="res://Scenes/Levels/map_1.gd" id="1_ap2tv"]
[ext_resource type="PackedScene" uid="uid://bcwi26wn42ami" path="res://Scenes/Characters/enemy_knight.tscn" id="4_deukx"]
[ext_resource type="Texture2D" uid="uid://ds1y7ha6joqjx" path="res://assets/crosshair.png" id="6_un3wj"]
[ext_resource type="PackedScene" uid="uid://d4i3yiownurkd" path="res://Scenes/Characters/knight.tscn" id="7_2y4nr"]
[ext_resource type="PackedScene" uid="uid://7bn5yfh63556" path="res://Scenes/Objects/long_wall.tscn" id="7_jysqb"]

[sub_resource type="ProceduralSkyMaterial" id="ProceduralSkyMaterial_m4v2a"]
sky_top_color = Color(0.350873, 0.529002, 0.847461, 1)
sky_horizon_color = Color(0.444498, 0.658373, 0.858097, 1)
ground_bottom_color = Color(0.294903, 0.440488, 0.708235, 1)
ground_horizon_color = Color(0.423798, 0.670074, 0.822688, 1)

[sub_resource type="Sky" id="Sky_f08gv"]
sky_material = SubResource("ProceduralSkyMaterial_m4v2a")

[sub_resource type="Environment" id="Environment_sjn8t"]
background_mode = 2
sky = SubResource("Sky_f08gv")
ambient_light_source = 3
ambient_light_color = Color(0.333028, 0.721945, 1, 1)

[node name="map1" type="Node3D"]
script = ExtResource("1_ap2tv")

[node name="map" type="Node3D" parent="."]

[node name="floor" type="CSGBox3D" parent="map"]
transform = Transform3D(1420.57, 0, 0, 0, 0.756512, 0, 0, 0, 1497.96, 0, -1, 0)
use_collision = true

[node name="Node3D" parent="map" instance=ExtResource("7_jysqb")]

[node name="Node3D2" parent="map" instance=ExtResource("7_jysqb")]
transform = Transform3D(1, 0, 0, 0, 1, 0, 0, 0, 1, 29.1055, 0, 0)

[node name="Node3D3" parent="map" instance=ExtResource("7_jysqb")]
transform = Transform3D(1, 0, 0, 0, 1, 0, 0, 0, 1, 59.4123, 0, 0)

[node name="Node3D4" parent="map" instance=ExtResource("7_jysqb")]
transform = Transform3D(-4.37114e-08, 0, -1, 0, 1, 0, 1, 0, -4.37114e-08, 88.4472, 0, 0)

[node name="Node3D5" parent="map" instance=ExtResource("7_jysqb")]
transform = Transform3D(1, 0, 0, 0, 1, 0, 0, 0, 1, 88.4472, 0, 30.4853)

[node name="Node3D6" parent="map" instance=ExtResource("7_jysqb")]
transform = Transform3D(-4.37114e-08, 0, -1, 0, 1, 0, 1, 0, -4.37114e-08, 119.105, 0, 0)

[node name="TextureRect" type="TextureRect" parent="."]
visible = false
anchors_preset = 8
anchor_left = 0.5
anchor_top = 0.5
anchor_right = 0.5
anchor_bottom = 0.5
offset_left = -72.0
offset_top = -72.0
offset_right = 72.0
offset_bottom = 72.0
grow_horizontal = 2
grow_vertical = 2
scale = Vector2(0.2, 0.2)
size_flags_horizontal = 0
size_flags_vertical = 8
texture = ExtResource("6_un3wj")
metadata/_edit_use_anchors_ = true

[node name="WorldEnvironment" type="WorldEnvironment" parent="."]
environment = SubResource("Environment_sjn8t")

[node name="DirectionalLight3D" type="DirectionalLight3D" parent="."]
transform = Transform3D(1, 0, 0, 0, -0.800805, 0.598926, 0, -0.598926, -0.800805, 0, 14.862, 0)
shadow_enabled = true

[node name="Player Units" type="Node3D" parent="."]
transform = Transform3D(1, 0, 0, 0, 1, 0, 0, 0, 1, 0, 0, -25.3349)

[node name="Knight" parent="Player Units" instance=ExtResource("7_2y4nr")]
transform = Transform3D(1, 0, 0, 0, 1, 0, 0, 0, 1, -7.23758, 0, 5.96345)
is_leader = true

[node name="Knight2" parent="Player Units" instance=ExtResource("7_2y4nr")]
transform = Transform3D(1, 0, 0, 0, 1, 0, 0, 0, 1, -11.5332, 0, -19.5896)

[node name="Knight3" parent="Player Units" instance=ExtResource("7_2y4nr")]
transform = Transform3D(1, 0, 0, 0, 1, 0, 0, 0, 1, -16.29, 0, -19.5896)

[node name="Enemies" type="Node3D" parent="."]
transform = Transform3D(1, 0, 0, 0, 1, 0, 0, 0, 1, 104.182, 0, 15.6002)

[node name="Enemy_knight" parent="Enemies" instance=ExtResource("4_deukx")]
transform = Transform3D(1, 0, 0, 0, 1, 0, 0, 0, 1, -111.139, 0.487544, -31.9816)

[node name="Enemy_knight2" parent="Enemies" instance=ExtResource("4_deukx")]
transform = Transform3D(1, 0, 0, 0, 1, 0, 0, 0, 1, -98.4234, 0, -41.417)

[node name="Enemy_knight3" parent="Enemies" instance=ExtResource("4_deukx")]
transform = Transform3D(1, 0, 0, 0, 1, 0, 0, 0, 1, -92.9034, 0, -34.3288)

[node name="Skeleton3D" parent="Enemies/Enemy_knight3/Rig" index="0"]
bones/0/position = Vector3(0, 0.00100644, 0)
bones/1/position = Vector3(-1.26358e-18, 0.373073, -3.01261e-25)
bones/1/rotation = Quaternion(0.00221261, 0.0421634, 1.41308e-05, 0.999108)
bones/2/rotation = Quaternion(0.00261169, -0.00306891, 0.000282008, 0.999992)
bones/3/rotation = Quaternion(0.00100342, -0.000225154, -0.000164373, 1)
bones/4/position = Vector3(0.211433, 0.133626, -0.000967483)
bones/4/rotation = Quaternion(-0.559501, -0.0621556, -0.645129, 0.516627)
bones/5/rotation = Quaternion(4.19168e-08, -4.45036e-08, -0.496127, 0.86825)
bones/7/rotation = Quaternion(-0.320379, -0.331992, 0.131184, 0.877456)
bones/8/rotation = Quaternion(0.000227287, 0.00278821, -0.698138, 0.715958)
bones/14/position = Vector3(-0.211996, 0.133908, -0.00111962)
bones/14/rotation = Quaternion(-0.611374, 0.0838384, 0.62409, 0.479274)
bones/15/rotation = Quaternion(1.24164e-08, 8.30564e-08, 0.520283, 0.853994)
bones/17/rotation = Quaternion(-0.316641, 0.308008, -0.213266, 0.871428)
bones/18/rotation = Quaternion(0.00317986, 0.00408437, 0.698797, 0.715302)
bones/21/rotation = Quaternion(-0.00296959, -0.0277237, -1.12501e-05, 0.999611)
bones/24/position = Vector3(0.170945, 0.113587, -0.00228577)
bones/24/rotation = Quaternion(0.990516, 0.0816787, 0.0765815, 0.0796324)
bones/25/rotation = Quaternion(0.385472, 6.17094e-08, -2.64705e-07, 0.92272)
bones/26/rotation = Quaternion(-0.604688, -0.197847, 0.070792, 0.768243)
bones/27/rotation = Quaternion(-1.00642e-08, 0.920334, -0.391133, 7.80657e-08)
bones/28/position = Vector3(-0.170945, 0.113587, 0.0022858)
bones/28/rotation = Quaternion(0.991297, -0.0319242, 0.0295839, 0.124242)
bones/29/rotation = Quaternion(0.416392, -6.07032e-08, 2.90565e-07, 0.909185)
bones/30/rotation = Quaternion(-0.637048, 0.110203, -0.0216696, 0.762598)
bones/31/rotation = Quaternion(3.03524e-08, 0.920355, -0.391084, -6.95366e-08)
bones/32/position = Vector3(0.170945, 0.292474, 0.575976)
bones/33/position = Vector3(0.201467, 0.0285607, 0.189609)
bones/33/rotation = Quaternion(-0.690964, -7.19827e-08, -6.90501e-08, 0.722889)
bones/39/position = Vector3(-0.170945, 0.292474, 0.575976)
bones/40/position = Vector3(-0.170945, 0.0334158, 0.253863)
bones/40/rotation = Quaternion(-0.714351, -6.9873e-08, -7.11848e-08, 0.699787)
bones/47/position = Vector3(0.520521, 0.770002, -0.0530593)
bones/47/rotation = Quaternion(0.788761, 0.00870872, 0.614631, 0.00304246)
bones/49/position = Vector3(-0.5109, 0.770002, 0.060992)
bones/49/rotation = Quaternion(0.752915, -0.00991668, -0.658034, 0.00330861)

[node name="1H_Sword_Offhand" parent="Enemies/Enemy_knight3/Rig/Skeleton3D" index="0"]
transform = Transform3D(0.00698601, 0.24942, 0.96837, 0.999975, -0.00231363, -0.00661736, 0.000590421, 0.968392, -0.24943, 0.510068, 0.618562, 0.00782937)

[node name="Badge_Shield" parent="Enemies/Enemy_knight3/Rig/Skeleton3D" index="1"]
transform = Transform3D(0.00698599, 0.24942, 0.96837, 0.999975, -0.00231616, -0.00661669, 0.000593042, 0.968392, -0.24943, 0.661022, 0.61753, -0.0310531)

[node name="Rectangle_Shield" parent="Enemies/Enemy_knight3/Rig/Skeleton3D" index="2"]
transform = Transform3D(0.00698599, 0.24942, 0.96837, 0.999975, -0.00231616, -0.00661669, 0.000593042, 0.968392, -0.24943, 0.661022, 0.61753, -0.0310531)

[node name="Round_Shield" parent="Enemies/Enemy_knight3/Rig/Skeleton3D" index="3"]
transform = Transform3D(0.00698599, 0.24942, 0.96837, 0.999975, -0.00231616, -0.00661669, 0.000593042, 0.968392, -0.24943, 0.661022, 0.61753, -0.0310531)

[node name="Spike_Shield" parent="Enemies/Enemy_knight3/Rig/Skeleton3D" index="4"]
transform = Transform3D(0.00698599, 0.24942, 0.96837, 0.999975, -0.00231616, -0.00661669, 0.000593042, 0.968392, -0.24943, 0.661022, 0.61753, -0.0310531)

[node name="1H_Sword" parent="Enemies/Enemy_knight3/Rig/Skeleton3D" index="5"]
transform = Transform3D(-0.00733159, -0.148872, 0.988829, 0.999968, -0.00396306, 0.00681678, 0.00290449, 0.988848, 0.148896, -0.493935, 0.622219, 0.14382)

[node name="2H_Sword" parent="Enemies/Enemy_knight3/Rig/Skeleton3D" index="6"]
transform = Transform3D(-0.0073316, -0.148872, 0.988829, 0.999968, -0.00396308, 0.00681679, 0.00290451, 0.988848, 0.148896, -0.493935, 0.622219, 0.14382)

[node name="Knight_Helmet" parent="Enemies/Enemy_knight3/Rig/Skeleton3D" index="7"]
transform = Transform3D(0.999724, 0.000236625, 0.0234995, -0.000102224, 0.999984, -0.00572035, -0.0235005, 0.00571637, 0.999707, 0.000177086, 1.18427, 0.00746174)

[node name="Knight_Cape" parent="Enemies/Enemy_knight3/Rig/Skeleton3D" index="8"]
transform = Transform3D(0.996885, 0.000518274, 0.0788721, 0.000402131, 0.999932, -0.0116533, -0.0788728, 0.0116487, 0.996817, 0.000169409, 1.18427, 0.00731024)

[node name="CanvasLayer" type="CanvasLayer" parent="."]
visible = false

[node name="TextureRect" type="TextureRect" parent="CanvasLayer"]
anchors_preset = 8
anchor_left = 0.5
anchor_top = 0.5
anchor_right = 0.5
anchor_bottom = 0.5
offset_left = -72.0
offset_top = -72.0
offset_right = 72.0
offset_bottom = 72.0
grow_horizontal = 2
grow_vertical = 2
scale = Vector2(0.2, 0.2)
pivot_offset = Vector2(72, 72)
texture = ExtResource("6_un3wj")

[editable path="Enemies/Enemy_knight3"]
