[gd_scene load_steps=5 format=3 uid="uid://d213ekm8t7n6e"]

[ext_resource type="PackedScene" uid="uid://rt0dgveoxbb5" path="res://assets/dungeon/wall.gltf" id="3_bw3kt"]
[ext_resource type="PackedScene" uid="uid://dm6uihhq1ocrg" path="res://wall.tscn" id="4_6jy0b"]
[ext_resource type="PackedScene" uid="uid://bcwi26wn42ami" path="res://Scenes/Characters/enemy_knight.tscn" id="4_deukx"]
[ext_resource type="PackedScene" uid="uid://dofmpsqkbee6w" path="res://Scenes/Characters/rogue.tscn" id="4_vclh6"]

[node name="map1" type="Node3D"]

[node name="map" type="Node3D" parent="."]

[node name="floor" type="CSGBox3D" parent="map"]
transform = Transform3D(256.926, 0, 0, 0, 0.756512, 0, 0, 0, 516.49, 0, -1, 0)
use_collision = true

[node name="DirectionalLight3D" type="DirectionalLight3D" parent="."]
transform = Transform3D(1, 0, 0, 0, 1, 0, 0, 0, 1, 0, 6.68646, 0)

[node name="wall" parent="." instance=ExtResource("3_bw3kt")]
transform = Transform3D(1, 0, 0, 0, 1, 0, 0, 0, 1, 2.42277, -0.621744, 7.7638)

[node name="wall2" parent="." instance=ExtResource("4_6jy0b")]
transform = Transform3D(1, 0, 0, 0, 1, 0, 0, 0, 1, 2.42277, -0.621744, 13.6267)

[node name="Enemy_knight" parent="." groups=["enemies"] instance=ExtResource("4_deukx")]

[node name="Skeleton3D" parent="Enemy_knight/Rig" index="0"]
bones/0/position = Vector3(0, 0.00104709, 0)
bones/1/position = Vector3(-1.52056e-18, 0.392841, -3.62528e-25)
bones/1/rotation = Quaternion(0.00220646, 0.0421635, 1.38701e-05, 0.999108)
bones/2/rotation = Quaternion(0.00260324, 0.00274857, -0.000169216, 0.999993)
bones/3/rotation = Quaternion(0.000977094, -0.000126859, 0.000341298, 0.999999)
bones/4/position = Vector3(0.212001, 0.133911, -0.0011212)
bones/4/rotation = Quaternion(-0.562768, -0.065614, -0.645564, 0.512089)
bones/5/rotation = Quaternion(3.16423e-08, -4.78451e-08, -0.496422, 0.868081)
bones/7/rotation = Quaternion(-0.319317, -0.323158, 0.137122, 0.880229)
bones/8/rotation = Quaternion(-0.00119588, 0.00130074, -0.703405, 0.710787)
bones/14/position = Vector3(-0.211426, 0.133623, -0.000965903)
bones/14/rotation = Quaternion(-0.625017, 0.0829975, 0.614687, 0.473947)
bones/15/rotation = Quaternion(2.96126e-08, 4.33032e-08, 0.516678, 0.85618)
bones/17/rotation = Quaternion(-0.321634, 0.29734, -0.214711, 0.872949)
bones/18/rotation = Quaternion(-0.00117947, -0.000929831, 0.703297, 0.710894)
bones/21/rotation = Quaternion(-0.00298048, -0.0334472, 0.000339409, 0.999436)
bones/24/position = Vector3(0.170945, 0.113587, 0.00228014)
bones/24/rotation = Quaternion(0.993814, 0.0825528, 0.0710938, 0.0215747)
bones/25/rotation = Quaternion(0.195395, 6.30849e-08, -1.31001e-07, 0.980725)
bones/26/rotation = Quaternion(-0.519274, -0.204625, 0.0433974, 0.828613)
bones/27/rotation = Quaternion(-1.02293e-08, 0.920355, -0.391084, 7.81159e-08)
bones/28/position = Vector3(-0.170945, 0.113587, -0.00228011)
bones/28/rotation = Quaternion(0.997395, -0.0287758, 0.0307873, 0.0585388)
bones/29/rotation = Quaternion(0.283921, -6.37212e-08, 1.99278e-07, 0.958848)
bones/30/rotation = Quaternion(-0.551436, 0.111931, -0.00773212, 0.826638)
bones/31/rotation = Quaternion(2.97537e-08, 0.920273, -0.391278, -6.93748e-08)
bones/32/position = Vector3(0.170945, 0.292391, 0.575893)
bones/33/position = Vector3(0.201467, 0.0333968, 0.21418)
bones/33/rotation = Quaternion(-0.714175, -6.97017e-08, -7.13293e-08, 0.699967)
bones/39/position = Vector3(-0.170945, 0.292391, 0.575893)
bones/40/position = Vector3(-0.170945, 0.0285543, 0.229305)
bones/40/rotation = Quaternion(-0.69098, -7.2213e-08, -6.88094e-08, 0.722873)
bones/47/position = Vector3(0.520522, 0.78915, -0.0531049)
bones/47/rotation = Quaternion(0.788789, 0.00865491, 0.614596, 0.00300033)
bones/49/position = Vector3(-0.510901, 0.78915, 0.0609464)

[node name="1H_Sword_Offhand" parent="Enemy_knight/Rig/Skeleton3D" index="0"]
transform = Transform3D(0.00285162, 0.247445, 0.968897, 0.999927, 0.0106102, -0.0056517, -0.0116781, 0.968843, -0.247397, 0.51027, 0.637917, 0.00560457)

[node name="Badge_Shield" parent="Enemy_knight/Rig/Skeleton3D" index="1"]
transform = Transform3D(0.0028516, 0.247445, 0.968897, 0.999927, 0.0106076, -0.00565103, -0.0116755, 0.968843, -0.247396, 0.661307, 0.637037, -0.0329609)

[node name="Rectangle_Shield" parent="Enemy_knight/Rig/Skeleton3D" index="2"]
transform = Transform3D(0.0028516, 0.247445, 0.968897, 0.999927, 0.0106076, -0.00565103, -0.0116755, 0.968843, -0.247396, 0.661307, 0.637037, -0.0329609)

[node name="Round_Shield" parent="Enemy_knight/Rig/Skeleton3D" index="3"]
transform = Transform3D(0.0028516, 0.247445, 0.968897, 0.999927, 0.0106076, -0.00565103, -0.0116755, 0.968843, -0.247396, 0.661307, 0.637037, -0.0329609)

[node name="Spike_Shield" parent="Enemy_knight/Rig/Skeleton3D" index="4"]
transform = Transform3D(0.0028516, 0.247445, 0.968897, 0.999927, 0.0106076, -0.00565103, -0.0116755, 0.968843, -0.247396, 0.661307, 0.637037, -0.0329609)

[node name="1H_Sword" parent="Enemy_knight/Rig/Skeleton3D" index="5"]
transform = Transform3D(-0.00807609, -0.137423, 0.990479, 0.999886, 0.0114695, 0.00974335, -0.0126988, 0.990445, 0.137315, -0.494146, 0.642547, 0.146177)

[node name="2H_Sword" parent="Enemy_knight/Rig/Skeleton3D" index="6"]
transform = Transform3D(-0.00807611, -0.137423, 0.990479, 0.999886, 0.0114695, 0.00974337, -0.0126988, 0.990445, 0.137315, -0.494146, 0.642547, 0.146177)

[node name="Knight_Helmet" parent="Enemy_knight/Rig/Skeleton3D" index="7"]
transform = Transform3D(0.999715, -0.000561814, 0.0238728, 0.000696816, 0.999984, -0.0056471, -0.0238692, 0.00566213, 0.999699, 0.000529102, 1.20408, 0.00740022)

[node name="Knight_Cape" parent="Enemy_knight/Rig/Skeleton3D" index="8"]
transform = Transform3D(0.995882, 0.00045744, 0.0906579, 0.000593765, 0.999933, -0.011568, -0.0906572, 0.0115742, 0.995815, 0.00050259, 1.20408, 0.00724924)

[node name="Rogue" parent="." instance=ExtResource("4_vclh6")]
transform = Transform3D(1, 0, 0, 0, 1, 0, 0, 0, 1, -3.31824, -0.400702, -0.359959)
is_leader = true

[editable path="Enemy_knight"]
