[gd_scene load_steps=12 format=3 uid="uid://d213ekm8t7n6e"]

[ext_resource type="Script" path="res://Scenes/Levels/map_1.gd" id="1_ap2tv"]
[ext_resource type="PackedScene" uid="uid://bcwi26wn42ami" path="res://Scenes/Characters/enemy_knight.tscn" id="4_deukx"]
[ext_resource type="PackedScene" uid="uid://didmxhublmx1s" path="res://Scenes/Characters/mage.tscn" id="5_4oi6l"]
[ext_resource type="Script" path="res://Scenes/Levels/characters.gd" id="5_ai5fv"]
[ext_resource type="Texture2D" uid="uid://ds1y7ha6joqjx" path="res://assets/crosshair.png" id="6_un3wj"]
[ext_resource type="PackedScene" uid="uid://d4i3yiownurkd" path="res://Scenes/Characters/knight.tscn" id="7_2y4nr"]
[ext_resource type="PackedScene" uid="uid://7bn5yfh63556" path="res://Scenes/Objects/long_wall.tscn" id="7_jysqb"]
[ext_resource type="PackedScene" uid="uid://d2fccb705pkl2" path="res://Scenes/Characters/enemy_mage.tscn" id="8_7ctj3"]

[sub_resource type="ProceduralSkyMaterial" id="ProceduralSkyMaterial_m4v2a"]
sky_top_color = Color(0.350873, 0.529002, 0.847461, 1)
sky_horizon_color = Color(0.444498, 0.658373, 0.858097, 1)
ground_bottom_color = Color(0.294903, 0.440488, 0.708235, 1)
ground_horizon_color = Color(0.423798, 0.670074, 0.822688, 1)

[sub_resource type="Sky" id="Sky_f08gv"]
sky_material = SubResource("ProceduralSkyMaterial_m4v2a")

[sub_resource type="Environment" id="Environment_sjn8t"]
background_mode = 2
sky = SubResource("Sky_f08gv")
ambient_light_source = 3
ambient_light_color = Color(0.333028, 0.721945, 1, 1)

[node name="map1" type="Node3D"]
script = ExtResource("1_ap2tv")

[node name="map" type="Node3D" parent="."]

[node name="floor" type="CSGBox3D" parent="map"]
transform = Transform3D(1420.57, 0, 0, 0, 0.756512, 0, 0, 0, 1497.96, 0, -1, 0)
use_collision = true

[node name="Node3D" parent="map" instance=ExtResource("7_jysqb")]

[node name="Node3D2" parent="map" instance=ExtResource("7_jysqb")]
transform = Transform3D(1, 0, 0, 0, 1, 0, 0, 0, 1, 29.1055, 0, 0)

[node name="Node3D3" parent="map" instance=ExtResource("7_jysqb")]
transform = Transform3D(1, 0, 0, 0, 1, 0, 0, 0, 1, 59.4123, 0, 0)

[node name="Node3D4" parent="map" instance=ExtResource("7_jysqb")]
transform = Transform3D(-4.37114e-08, 0, -1, 0, 1, 0, 1, 0, -4.37114e-08, 88.4472, 0, 0)

[node name="Node3D5" parent="map" instance=ExtResource("7_jysqb")]
transform = Transform3D(1, 0, 0, 0, 1, 0, 0, 0, 1, 88.4472, 0, 30.4853)

[node name="Node3D6" parent="map" instance=ExtResource("7_jysqb")]
transform = Transform3D(-4.37114e-08, 0, -1, 0, 1, 0, 1, 0, -4.37114e-08, 119.105, 0, 0)

[node name="TextureRect" type="TextureRect" parent="."]
visible = false
anchors_preset = 8
anchor_left = 0.5
anchor_top = 0.5
anchor_right = 0.5
anchor_bottom = 0.5
offset_left = -72.0
offset_top = -72.0
offset_right = 72.0
offset_bottom = 72.0
grow_horizontal = 2
grow_vertical = 2
scale = Vector2(0.2, 0.2)
size_flags_horizontal = 0
size_flags_vertical = 8
texture = ExtResource("6_un3wj")
metadata/_edit_use_anchors_ = true

[node name="WorldEnvironment" type="WorldEnvironment" parent="."]
environment = SubResource("Environment_sjn8t")

[node name="DirectionalLight3D" type="DirectionalLight3D" parent="."]
transform = Transform3D(1, 0, 0, 0, -0.800805, 0.598926, 0, -0.598926, -0.800805, 0, 14.862, 0)
shadow_enabled = true

[node name="Player Units" type="Node3D" parent="."]
transform = Transform3D(1, 0, 0, 0, 1, 0, 0, 0, 1, 0, 0, -25.3349)

[node name="Node3D" type="Node3D" parent="Player Units"]
script = ExtResource("5_ai5fv")

[node name="Knight3" parent="Player Units/Node3D" instance=ExtResource("7_2y4nr")]
transform = Transform3D(1, 0, 0, 0, 1, 0, 0, 0, 1, -16.29, 0, -19.5896)

[node name="Knight" parent="Player Units/Node3D" instance=ExtResource("7_2y4nr")]
transform = Transform3D(1, 0, 0, 0, 1, 0, 0, 0, 1, -7.23758, 0, 5.96345)

[node name="Knight2" parent="Player Units/Node3D" instance=ExtResource("7_2y4nr")]
transform = Transform3D(1, 0, 0, 0, 1, 0, 0, 0, 1, -11.5332, 0, -19.5896)

[node name="Knight4" parent="Player Units/Node3D" instance=ExtResource("7_2y4nr")]
transform = Transform3D(1, 0, 0, 0, 1, 0, 0, 0, 1, -8.60114, 0, 0)

[node name="Mage" parent="Player Units/Node3D" instance=ExtResource("5_4oi6l")]

[node name="Mage2" parent="Player Units/Node3D" instance=ExtResource("5_4oi6l")]
transform = Transform3D(1, 0, 0, 0, 1, 0, 0, 0, 1, -0.336372, 0, -17.3275)

[node name="Enemies" type="Node3D" parent="."]
transform = Transform3D(1, 0, 0, 0, 1, 0, 0, 0, 1, 104.182, 0, 15.6002)

[node name="Enemy_knight" parent="Enemies" instance=ExtResource("4_deukx")]
transform = Transform3D(1, 0, 0, 0, 1, 0, 0, 0, 1, -111.139, 0.487544, -31.9816)

[node name="Enemy_knight2" parent="Enemies" instance=ExtResource("4_deukx")]
transform = Transform3D(1, 0, 0, 0, 1, 0, 0, 0, 1, -98.4234, 0, -41.417)

[node name="Enemy_knight3" parent="Enemies" instance=ExtResource("4_deukx")]
transform = Transform3D(1, 0, 0, 0, 1, 0, 0, 0, 1, -92.9034, 0, -34.3288)

[node name="Skeleton3D" parent="Enemies/Enemy_knight3/Rig" index="0"]
bones/0/position = Vector3(0, 8.05153e-05, 0)
bones/1/position = Vector3(1.08564e-19, 0.382891, 1.16609e-18)
bones/1/rotation = Quaternion(0.00235896, 0.0421629, 2.03398e-05, 0.999108)
bones/2/rotation = Quaternion(0.00262223, -0.000511224, 8.64717e-05, 0.999996)
bones/3/rotation = Quaternion(0.000991861, -0.000181836, 5.85932e-05, 0.999999)
bones/4/position = Vector3(0.211683, 0.133752, -0.00103526)
bones/4/rotation = Quaternion(-0.563042, -0.0623662, -0.638866, 0.520523)
bones/5/rotation = Quaternion(1.33548e-08, -5.22513e-08, -0.508095, 0.861301)
bones/7/rotation = Quaternion(-0.320962, -0.329834, 0.13793, 0.877022)
bones/8/rotation = Quaternion(-0.000964393, 0.0015644, -0.702548, 0.711634)
bones/14/position = Vector3(-0.211745, 0.133782, -0.00105184)
bones/14/rotation = Quaternion(-0.619001, 0.0822166, 0.614308, 0.482394)
bones/15/rotation = Quaternion(3.58155e-08, 5.55867e-08, 0.530024, 0.847983)
bones/17/rotation = Quaternion(-0.320044, 0.305677, -0.218131, 0.8698)
bones/18/rotation = Quaternion(-0.000388565, -4.02517e-05, 0.702497, 0.711686)
bones/21/rotation = Quaternion(-0.00299098, -0.0295624, 0.000102118, 0.999559)
bones/24/position = Vector3(0.170945, 0.113587, -0.00175795)
bones/24/rotation = Quaternion(0.992791, 0.0813934, 0.0741602, 0.047335)
bones/25/rotation = Quaternion(0.297626, 6.49755e-08, -2.08786e-07, 0.954683)
bones/26/rotation = Quaternion(-0.568207, -0.201376, 0.0580166, 0.795753)
bones/27/rotation = Quaternion(-8.67127e-09, 0.918147, -0.39624, 7.80583e-08)
bones/28/position = Vector3(-0.170945, 0.113587, 0.00175798)
bones/28/rotation = Quaternion(0.994187, -0.0298756, 0.0305266, 0.0988369)
bones/29/rotation = Quaternion(0.358359, -6.20999e-08, 2.48639e-07, 0.933584)
bones/30/rotation = Quaternion(-0.597455, 0.111256, -0.0148919, 0.794007)
bones/31/rotation = Quaternion(3.03533e-08, 0.920355, -0.391084, -6.95362e-08)
bones/33/position = Vector3(0.201467, 0.025029, 0.197984)
bones/33/rotation = Quaternion(-0.700629, -7.10792e-08, -6.99692e-08, 0.713525)
bones/40/position = Vector3(-0.170945, 0.0263807, 0.249072)
bones/40/rotation = Quaternion(-0.704373, -7.09579e-08, -7.00949e-08, 0.70983)
bones/47/position = Vector3(0.520521, 0.784053, -0.0520186)
bones/49/position = Vector3(-0.5109, 0.784053, 0.0620327)
bones/49/rotation = Quaternion(0.752234, -0.0112193, -0.658788, 0.00417344)

[node name="1H_Sword_Offhand" parent="Enemies/Enemy_knight3/Rig/Skeleton3D" index="0"]
transform = Transform3D(0.00427421, 0.248841, 0.968534, 0.999861, 0.0144773, -0.00813102, -0.0160446, 0.968435, -0.248745, 0.510092, 0.632585, 0.00900071)

[node name="Badge_Shield" parent="Enemies/Enemy_knight3/Rig/Skeleton3D" index="1"]
transform = Transform3D(0.0042742, 0.248841, 0.968534, 0.999861, 0.0144747, -0.00813035, -0.016042, 0.968436, -0.248745, 0.661073, 0.631318, -0.029775)

[node name="Rectangle_Shield" parent="Enemies/Enemy_knight3/Rig/Skeleton3D" index="2"]
transform = Transform3D(0.0042742, 0.248841, 0.968534, 0.999861, 0.0144747, -0.00813035, -0.016042, 0.968436, -0.248745, 0.661073, 0.631318, -0.029775)

[node name="Round_Shield" parent="Enemies/Enemy_knight3/Rig/Skeleton3D" index="3"]
transform = Transform3D(0.0042742, 0.248841, 0.968534, 0.999861, 0.0144747, -0.00813035, -0.016042, 0.968436, -0.248745, 0.661073, 0.631318, -0.029775)

[node name="Spike_Shield" parent="Enemies/Enemy_knight3/Rig/Skeleton3D" index="4"]
transform = Transform3D(0.0042742, 0.248841, 0.968534, 0.999861, 0.0144747, -0.00813035, -0.016042, 0.968436, -0.248745, 0.661073, 0.631318, -0.029775)

[node name="1H_Sword" parent="Enemies/Enemy_knight3/Rig/Skeleton3D" index="5"]
transform = Transform3D(-0.00645139, -0.13901, 0.990269, 0.999884, 0.0127403, 0.00830154, -0.0137698, 0.990208, 0.138912, -0.493487, 0.637032, 0.147006)

[node name="2H_Sword" parent="Enemies/Enemy_knight3/Rig/Skeleton3D" index="6"]
transform = Transform3D(-0.00645141, -0.13901, 0.990269, 0.999884, 0.0127403, 0.00830156, -0.0137697, 0.990208, 0.138912, -0.493487, 0.637032, 0.147006)

[node name="Knight_Helmet" parent="Enemies/Enemy_knight3/Rig/Skeleton3D" index="7"]
transform = Transform3D(0.999687, -4.30017e-05, 0.0250188, 0.000192601, 0.999982, -0.00597711, -0.0250181, 0.00598005, 0.999669, 0.000327886, 1.19316, 0.00769541)

[node name="Knight_Cape" parent="Enemies/Enemy_knight3/Rig/Skeleton3D" index="8"]
transform = Transform3D(0.996461, 0.000487311, 0.0840544, 0.000518202, 0.999928, -0.0119404, -0.0840542, 0.0119417, 0.99639, 0.000313859, 1.19316, 0.00754317)

[node name="Enemy_Mage" parent="Enemies" instance=ExtResource("8_7ctj3")]
transform = Transform3D(1, 0, 0, 0, 1, 0, 0, 0, 1, -101, 0, -55)

[node name="CanvasLayer" type="CanvasLayer" parent="."]
visible = false

[node name="TextureRect" type="TextureRect" parent="CanvasLayer"]
anchors_preset = 8
anchor_left = 0.5
anchor_top = 0.5
anchor_right = 0.5
anchor_bottom = 0.5
offset_left = -72.0
offset_top = -72.0
offset_right = 72.0
offset_bottom = 72.0
grow_horizontal = 2
grow_vertical = 2
scale = Vector2(0.2, 0.2)
pivot_offset = Vector2(72, 72)
texture = ExtResource("6_un3wj")

[editable path="Enemies/Enemy_knight3"]
