[gd_scene load_steps=11 format=3 uid="uid://d213ekm8t7n6e"]

[ext_resource type="PackedScene" uid="uid://rt0dgveoxbb5" path="res://assets/dungeon/wall.gltf" id="3_bw3kt"]
[ext_resource type="PackedScene" uid="uid://dm6uihhq1ocrg" path="res://wall.tscn" id="4_6jy0b"]
[ext_resource type="PackedScene" uid="uid://bcwi26wn42ami" path="res://Scenes/Characters/enemy_knight.tscn" id="4_deukx"]
[ext_resource type="PackedScene" uid="uid://didmxhublmx1s" path="res://Scenes/Characters/mage.tscn" id="4_woib5"]
[ext_resource type="PackedScene" uid="uid://dkd5aj8jad1hg" path="res://Scenes/Utils/spell.tscn" id="5_h1im6"]
[ext_resource type="Texture2D" uid="uid://ds1y7ha6joqjx" path="res://assets/crosshair.png" id="6_un3wj"]
[ext_resource type="PackedScene" uid="uid://d4i3yiownurkd" path="res://Scenes/Characters/knight.tscn" id="7_2y4nr"]

[sub_resource type="ProceduralSkyMaterial" id="ProceduralSkyMaterial_m4v2a"]
sky_top_color = Color(0.350873, 0.529002, 0.847461, 1)
sky_horizon_color = Color(0.444498, 0.658373, 0.858097, 1)
ground_bottom_color = Color(0.294903, 0.440488, 0.708235, 1)
ground_horizon_color = Color(0.423798, 0.670074, 0.822688, 1)

[sub_resource type="Sky" id="Sky_f08gv"]
sky_material = SubResource("ProceduralSkyMaterial_m4v2a")

[sub_resource type="Environment" id="Environment_sjn8t"]
background_mode = 2
sky = SubResource("Sky_f08gv")
ambient_light_source = 3
ambient_light_color = Color(0.333028, 0.721945, 1, 1)

[node name="map1" type="Node3D"]

[node name="map" type="Node3D" parent="."]

[node name="floor" type="CSGBox3D" parent="map"]
transform = Transform3D(256.926, 0, 0, 0, 0.756512, 0, 0, 0, 516.49, 0, -1, 0)
use_collision = true

[node name="wall" parent="." instance=ExtResource("3_bw3kt")]
transform = Transform3D(1, 0, 0, 0, 1, 0, 0, 0, 1, 2.42277, -0.621744, 7.7638)

[node name="wall2" parent="." instance=ExtResource("4_6jy0b")]
transform = Transform3D(1, 0, 0, 0, 1, 0, 0, 0, 1, 2.42277, -0.621744, 13.6267)

[node name="Enemy_knight" parent="." groups=["enemies"] instance=ExtResource("4_deukx")]
transform = Transform3D(1, 0, 0, 0, 1, 0, 0, 0, 1, 0, 0, -10)

[node name="Skeleton3D" parent="Enemy_knight/Rig" index="0"]
bones/0/position = Vector3(0, 0.000375952, 0)
bones/0/rotation = Quaternion(-2.04992e-11, 0.000595804, 3.55056e-11, 1)
bones/1/position = Vector3(-1.73357e-25, 0.388725, 7.27113e-19)
bones/1/rotation = Quaternion(0.00233274, 0.042163, 1.92271e-05, 0.999108)
bones/2/rotation = Quaternion(0.00261356, 0.00151035, -7.03042e-05, 0.999995)
bones/3/rotation = Quaternion(0.000982888, -0.000148389, 0.000230622, 1)
bones/4/position = Vector3(0.211877, 0.133849, -0.00108755)
bones/4/rotation = Quaternion(-0.561588, -0.0647661, -0.643594, 0.515957)
bones/5/rotation = Quaternion(3.05163e-08, -5.54365e-08, -0.500845, 0.865537)
bones/7/rotation = Quaternion(-0.320008, -0.325706, 0.136782, 0.879091)
bones/8/position = Vector3(-1.68885e-09, 0.0961252, -0.0575)
bones/8/rotation = Quaternion(-0.00106634, 0.00143772, -0.702927, 0.71126)
bones/14/position = Vector3(-0.211551, 0.133685, -0.00099955)
bones/14/rotation = Quaternion(-0.621551, 0.08282, 0.615269, 0.477766)
bones/15/rotation = Quaternion(2.41308e-08, 5.03688e-08, 0.522047, 0.852917)
bones/17/rotation = Quaternion(-0.320949, 0.300901, -0.215503, 0.871785)
bones/18/position = Vector3(-1.40993e-08, 0.0961251, -0.0575)
bones/18/rotation = Quaternion(-0.000824137, -0.000523151, 0.702934, 0.711255)
bones/21/rotation = Quaternion(-0.00298536, -0.0327041, 0.000294159, 0.999461)
bones/24/position = Vector3(0.170945, 0.113587, 0.00211556)
bones/24/rotation = Quaternion(0.992974, 0.0824568, 0.0721188, 0.044744)
bones/25/rotation = Quaternion(0.255824, 6.38409e-08, -1.78782e-07, 0.966723)
bones/26/rotation = Quaternion(-0.545728, -0.202998, 0.0511854, 0.81139)
bones/27/rotation = Quaternion(-1.02251e-08, 0.920355, -0.391084, 7.81125e-08)
bones/28/position = Vector3(-0.170945, 0.113587, -0.00211553)
bones/28/rotation = Quaternion(0.996281, -0.0295111, 0.0304732, 0.0749974)
bones/29/rotation = Quaternion(0.323951, -6.33093e-08, 2.25336e-07, 0.946074)
bones/30/rotation = Quaternion(-0.574733, 0.111635, -0.0113285, 0.810612)
bones/31/rotation = Quaternion(2.89055e-08, 0.918866, -0.39457, -6.93192e-08)
bones/32/position = Vector3(0.170945, 0.293779, 0.577281)
bones/32/rotation = Quaternion(0.707107, -2.29314e-07, -4.60432e-08, 0.707107)
bones/33/position = Vector3(0.201467, 0.0308187, 0.213656)
bones/33/rotation = Quaternion(-0.709653, -7.00836e-08, -7.09195e-08, 0.704552)
bones/34/position = Vector3(1.94412e-08, 0.362833, -2.42861e-15)
bones/34/rotation = Quaternion(9.42133e-09, 1.73357e-09, 0.986364, -0.164581)
bones/35/position = Vector3(-2.53845e-08, 0.213436, -5.05319e-09)
bones/35/rotation = Quaternion(-1.01343e-07, 0.391084, 0.920355, -3.34029e-08)
bones/36/position = Vector3(8.26594e-09, 0.16565, -2.47098e-09)
bones/37/rotation = Quaternion(1, -2.29452e-09, 1.99661e-07, 2.11777e-12)
bones/39/position = Vector3(-0.170945, 0.293779, 0.577281)
bones/39/rotation = Quaternion(0.707107, -3.82505e-08, 1.45021e-07, 0.707107)
bones/40/position = Vector3(-0.170945, 0.0276856, 0.23164)
bones/40/rotation = Quaternion(-0.693101, -7.19874e-08, -6.90581e-08, 0.720841)
bones/41/position = Vector3(1.94581e-08, 0.362833, 1.29576e-09)
bones/41/rotation = Quaternion(-5.69462e-09, 6.29978e-10, 0.995044, 0.0994361)
bones/42/position = Vector3(-1.07904e-08, 0.213436, 4.90794e-10)
bones/42/rotation = Quaternion(-1.0575e-07, 0.391084, 0.920355, -2.59467e-08)
bones/43/position = Vector3(-6.31128e-09, 0.16565, 3.10693e-09)
bones/44/rotation = Quaternion(1, 3.68101e-09, 1.94879e-07, 7.28014e-09)
bones/46/position = Vector3(0.454229, 1.10196, -0.590325)
bones/46/rotation = Quaternion(-0.707107, -0.000140477, -0.000140477, 0.707107)
bones/47/position = Vector3(0.520521, 0.786482, -0.0523506)
bones/47/rotation = Quaternion(0.788328, 0.00955678, 0.615171, 0.00368464)
bones/48/position = Vector3(-0.453228, 1.10219, -0.591265)
bones/48/rotation = Quaternion(-0.707107, -0.000140477, -0.000140477, 0.707107)
bones/49/position = Vector3(-0.5109, 0.786482, 0.0617007)
bones/49/rotation = Quaternion(0.752451, -0.0107989, -0.658548, 0.00390284)

[node name="1H_Sword_Offhand" parent="Enemy_knight/Rig/Skeleton3D" index="0"]
transform = Transform3D(0.00290027, 0.245033, 0.96951, 0.99992, 0.0111332, -0.00580408, -0.0122155, 0.96945, -0.244981, 0.51045, 0.635449, 0.00700613)

[node name="Badge_Shield" parent="Enemy_knight/Rig/Skeleton3D" index="1"]
transform = Transform3D(0.00290025, 0.245033, 0.96951, 0.99992, 0.0111307, -0.00580341, -0.0122129, 0.96945, -0.244981, 0.661582, 0.634544, -0.0311829)

[node name="Rectangle_Shield" parent="Enemy_knight/Rig/Skeleton3D" index="2"]
transform = Transform3D(0.00290025, 0.245033, 0.96951, 0.99992, 0.0111307, -0.00580341, -0.0122129, 0.96945, -0.244981, 0.661582, 0.634544, -0.0311829)

[node name="Round_Shield" parent="Enemy_knight/Rig/Skeleton3D" index="3"]
transform = Transform3D(0.00290025, 0.245033, 0.96951, 0.99992, 0.0111307, -0.00580341, -0.0122129, 0.96945, -0.244981, 0.661582, 0.634544, -0.0311829)

[node name="Spike_Shield" parent="Enemy_knight/Rig/Skeleton3D" index="4"]
transform = Transform3D(0.00290025, 0.245033, 0.96951, 0.99992, 0.0111307, -0.00580341, -0.0122129, 0.96945, -0.244981, 0.661582, 0.634544, -0.0311829)

[node name="1H_Sword" parent="Enemy_knight/Rig/Skeleton3D" index="5"]
transform = Transform3D(-0.00727534, -0.135778, 0.990712, 0.999893, 0.0115634, 0.00892675, -0.0126675, 0.990671, 0.135679, -0.493733, 0.639866, 0.146721)

[node name="2H_Sword" parent="Enemy_knight/Rig/Skeleton3D" index="6"]
transform = Transform3D(-0.00727536, -0.135778, 0.990712, 0.999893, 0.0115634, 0.00892677, -0.0126675, 0.990671, 0.135679, -0.493733, 0.639866, 0.146721)

[node name="Knight_Helmet" parent="Enemy_knight/Rig/Skeleton3D" index="7"]
transform = Transform3D(0.999739, -0.000446425, 0.0228408, 0.000581696, 0.999982, -0.00591606, -0.0228377, 0.00592781, 0.999722, 0.00045472, 1.19929, 0.00762714)

[node name="Knight_Cape" parent="Enemy_knight/Rig/Skeleton3D" index="8"]
transform = Transform3D(0.996107, 0.000472508, 0.0881482, 0.000574486, 0.99993, -0.0118519, -0.0881476, 0.0118564, 0.996037, 0.000430769, 1.19929, 0.00747574)

[node name="TextureRect" type="TextureRect" parent="."]
anchors_preset = 8
anchor_left = 0.5
anchor_top = 0.5
anchor_right = 0.5
anchor_bottom = 0.5
offset_left = -7.0
offset_top = -7.0
offset_right = 137.0
offset_bottom = 137.0
grow_horizontal = 2
grow_vertical = 2
scale = Vector2(0.2, 0.2)
size_flags_horizontal = 4
size_flags_vertical = 4
texture = ExtResource("6_un3wj")

[node name="WorldEnvironment" type="WorldEnvironment" parent="."]
environment = SubResource("Environment_sjn8t")

[node name="DirectionalLight3D" type="DirectionalLight3D" parent="."]
transform = Transform3D(1, 0, 0, 0, -0.800805, 0.598926, 0, -0.598926, -0.800805, 0, 14.862, 0)

[node name="Player Units" type="Node3D" parent="."]

[node name="Mage" parent="Player Units" instance=ExtResource("4_woib5")]
transform = Transform3D(1, 0, 0, 0, 1, 0, 0, 0, 1, 11, 0, 0)
spell_scene = ExtResource("5_h1im6")
speed = null
acceleration = null
jump_speed = null
mouse_sensitivity = null
rotation_speed = null
is_leader = null
bullet_speed = null

[node name="Knight" parent="Player Units" instance=ExtResource("7_2y4nr")]
transform = Transform3D(1, 0, 0, 0, 1, 0, 0, 0, 1, 5, 0, 0)
is_leader = true

[node name="Knight2" parent="Player Units" instance=ExtResource("7_2y4nr")]
transform = Transform3D(1, 0, 0, 0, 1, 0, 0, 0, 1, 1, 0, 0)

[node name="Knight3" parent="Player Units" instance=ExtResource("7_2y4nr")]
transform = Transform3D(1, 0, 0, 0, 1, 0, 0, 0, 1, -1, 0, 0)

[node name="Mage2" parent="Player Units" instance=ExtResource("4_woib5")]
transform = Transform3D(1, 0, 0, 0, 1, 0, 0, 0, 1, -6, 0, 0)
spell_scene = ExtResource("5_h1im6")
speed = null
acceleration = null
jump_speed = null
mouse_sensitivity = null
rotation_speed = null
is_leader = null
bullet_speed = null

[node name="Knight4" parent="Player Units" instance=ExtResource("7_2y4nr")]
transform = Transform3D(1, 0, 0, 0, 1, 0, 0, 0, 1, 0, 0, -5)

[node name="Knight5" parent="Player Units" instance=ExtResource("7_2y4nr")]
transform = Transform3D(1, 0, 0, 0, 1, 0, 0, 0, 1, -13, 0, 0)

[node name="Mage3" parent="Player Units" instance=ExtResource("4_woib5")]
transform = Transform3D(1, 0, 0, 0, 1, 0, 0, 0, 1, -3.33637, 0, -3.51371)
spell_scene = ExtResource("5_h1im6")
speed = null
acceleration = null
jump_speed = null
mouse_sensitivity = null
rotation_speed = null
is_leader = null
bullet_speed = null

[editable path="Enemy_knight"]
