[gd_scene load_steps=26 format=3 uid="uid://cvfoh88o61uyy"]

[ext_resource type="PackedScene" uid="uid://cga5yjoodl3og" path="res://assets/characters/Knight.glb" id="1_qvrvj"]
[ext_resource type="Script" path="res://Scenes/Characters/knight_no_camera.gd" id="2_0407g"]

[sub_resource type="CapsuleShape3D" id="CapsuleShape3D_pav6j"]

[sub_resource type="AnimationNodeAnimation" id="AnimationNodeAnimation_q1j3l"]
animation = &"1H_Melee_Attack_Slice_Diagonal"

[sub_resource type="AnimationNodeAnimation" id="AnimationNodeAnimation_wjsjs"]
animation = &"1H_Melee_Attack_Chop"

[sub_resource type="AnimationNodeAnimation" id="AnimationNodeAnimation_cyhrt"]
animation = &"Walking_Backwards"

[sub_resource type="AnimationNodeAnimation" id="AnimationNodeAnimation_61ntn"]
animation = &"Running_A"

[sub_resource type="AnimationNodeAnimation" id="AnimationNodeAnimation_jg2hm"]
animation = &"Running_Strafe_Right"

[sub_resource type="AnimationNodeAnimation" id="AnimationNodeAnimation_443yt"]
animation = &"Running_Strafe_Left"

[sub_resource type="AnimationNodeAnimation" id="AnimationNodeAnimation_vvrvv"]
animation = &"Idle"

[sub_resource type="AnimationNodeBlendSpace2D" id="AnimationNodeBlendSpace2D_ntppg"]
blend_point_0/node = SubResource("AnimationNodeAnimation_cyhrt")
blend_point_0/pos = Vector2(0, 1)
blend_point_1/node = SubResource("AnimationNodeAnimation_61ntn")
blend_point_1/pos = Vector2(0, -1)
blend_point_2/node = SubResource("AnimationNodeAnimation_jg2hm")
blend_point_2/pos = Vector2(1, 0)
blend_point_3/node = SubResource("AnimationNodeAnimation_443yt")
blend_point_3/pos = Vector2(-1, 0)
blend_point_4/node = SubResource("AnimationNodeAnimation_vvrvv")
blend_point_4/pos = Vector2(0, 0)
snap = Vector2(0.01, 0.1)
sync = true

[sub_resource type="AnimationNodeAnimation" id="AnimationNodeAnimation_qts0s"]
animation = &"Jump_Idle"

[sub_resource type="AnimationNodeAnimation" id="AnimationNodeAnimation_jtdbv"]
animation = &"Jump_Land"

[sub_resource type="AnimationNodeAnimation" id="AnimationNodeAnimation_4nq78"]
animation = &"Jump_Start"

[sub_resource type="AnimationNodeStateMachineTransition" id="AnimationNodeStateMachineTransition_lu4lw"]
advance_mode = 2

[sub_resource type="AnimationNodeStateMachineTransition" id="AnimationNodeStateMachineTransition_ni18x"]

[sub_resource type="AnimationNodeStateMachineTransition" id="AnimationNodeStateMachineTransition_y01bu"]
switch_mode = 2
advance_mode = 2

[sub_resource type="AnimationNodeStateMachineTransition" id="AnimationNodeStateMachineTransition_rlg6g"]

[sub_resource type="AnimationNodeStateMachineTransition" id="AnimationNodeStateMachineTransition_hhv21"]
switch_mode = 2
advance_mode = 2

[sub_resource type="AnimationNodeStateMachineTransition" id="AnimationNodeStateMachineTransition_x4bgh"]
advance_mode = 2
advance_condition = &"jumping"

[sub_resource type="AnimationNodeStateMachineTransition" id="AnimationNodeStateMachineTransition_s4ie5"]
switch_mode = 2
advance_mode = 2

[sub_resource type="AnimationNodeStateMachineTransition" id="AnimationNodeStateMachineTransition_nx555"]

[sub_resource type="AnimationNodeStateMachineTransition" id="AnimationNodeStateMachineTransition_6yrc6"]
advance_mode = 2
advance_condition = &"grounded"

[sub_resource type="AnimationNodeStateMachineTransition" id="AnimationNodeStateMachineTransition_kgrgm"]
switch_mode = 2
advance_mode = 2

[sub_resource type="AnimationNodeStateMachine" id="AnimationNodeStateMachine_vm5ia"]
states/1H_Melee_Attack_Slice_Diagonal/node = SubResource("AnimationNodeAnimation_q1j3l")
states/1H_Melee_Attack_Slice_Diagonal/position = Vector2(653.989, 14)
states/1h_melee_chop/node = SubResource("AnimationNodeAnimation_wjsjs")
states/1h_melee_chop/position = Vector2(475.322, -0.666668)
states/IWR/node = SubResource("AnimationNodeBlendSpace2D_ntppg")
states/IWR/position = Vector2(583.322, 100.897)
states/Jump_Idle/node = SubResource("AnimationNodeAnimation_qts0s")
states/Jump_Idle/position = Vector2(603.322, 224.667)
states/Jump_Land/node = SubResource("AnimationNodeAnimation_jtdbv")
states/Jump_Land/position = Vector2(780.655, 171.333)
states/Jump_Start/node = SubResource("AnimationNodeAnimation_4nq78")
states/Jump_Start/position = Vector2(456.655, 174)
states/Start/position = Vector2(218.667, 128.444)
transitions = ["Start", "IWR", SubResource("AnimationNodeStateMachineTransition_lu4lw"), "IWR", "1h_melee_chop", SubResource("AnimationNodeStateMachineTransition_ni18x"), "1h_melee_chop", "IWR", SubResource("AnimationNodeStateMachineTransition_y01bu"), "IWR", "1H_Melee_Attack_Slice_Diagonal", SubResource("AnimationNodeStateMachineTransition_rlg6g"), "1H_Melee_Attack_Slice_Diagonal", "IWR", SubResource("AnimationNodeStateMachineTransition_hhv21"), "IWR", "Jump_Start", SubResource("AnimationNodeStateMachineTransition_x4bgh"), "Jump_Start", "Jump_Idle", SubResource("AnimationNodeStateMachineTransition_s4ie5"), "IWR", "Jump_Idle", SubResource("AnimationNodeStateMachineTransition_nx555"), "Jump_Idle", "Jump_Land", SubResource("AnimationNodeStateMachineTransition_6yrc6"), "Jump_Land", "IWR", SubResource("AnimationNodeStateMachineTransition_kgrgm")]
graph_offset = Vector2(41.9885, 8.78172e-06)

[node name="Knight" instance=ExtResource("1_qvrvj")]
script = ExtResource("2_0407g")

[node name="Skeleton3D" parent="Rig" index="0"]
bones/1/position = Vector3(0, 0.392064, 0)
bones/1/rotation = Quaternion(-1.11123e-10, 0.0431578, 2.57241e-09, 0.999068)
bones/2/rotation = Quaternion(-6.93889e-18, 7.10543e-15, 4.93038e-32, 1)
bones/3/rotation = Quaternion(8.27181e-25, 3.72529e-09, 0, 1)
bones/4/position = Vector3(0.212007, 0.134132, 7.92996e-08)
bones/4/rotation = Quaternion(-0.559906, -0.0608803, -0.643974, 0.517779)
bones/4/scale = Vector3(0.999999, 0.999999, 1)
bones/5/rotation = Quaternion(3.65498e-08, -4.88301e-08, -0.494719, 0.869053)
bones/6/rotation = Quaternion(-9.73784e-11, -2.98437e-10, 0.0266581, 0.999645)
bones/6/scale = Vector3(1, 1, 1)
bones/7/rotation = Quaternion(-0.321065, -0.325319, 0.145726, 0.87741)
bones/8/position = Vector3(8.34843e-10, 0.0961252, -0.0575)
bones/8/rotation = Quaternion(-3.6586e-09, 6.87811e-09, -0.707107, 0.707107)
bones/8/scale = Vector3(1, 1, 1)
bones/14/position = Vector3(-0.212007, 0.134132, 8.6814e-08)
bones/14/rotation = Quaternion(-0.618244, 0.0807286, 0.618012, 0.478873)
bones/14/scale = Vector3(0.999999, 0.999999, 1)
bones/15/rotation = Quaternion(2.09853e-08, 5.12855e-08, 0.517939, 0.855417)
bones/16/rotation = Quaternion(-9.73784e-11, 2.98437e-10, -0.0266581, 0.999645)
bones/16/scale = Vector3(1, 1, 1)
bones/17/rotation = Quaternion(-0.319291, 0.300524, -0.22735, 0.869512)
bones/18/position = Vector3(-1.5736e-08, 0.0961251, -0.0575)
bones/18/rotation = Quaternion(-1.02444e-09, -4.24391e-09, 0.707107, 0.707107)
bones/18/scale = Vector3(1, 1, 1)
bones/21/rotation = Quaternion(-5.80608e-11, -0.0313417, -1.88012e-09, 0.999509)
bones/24/position = Vector3(0.170945, 0.113587, 1.59941e-08)
bones/24/rotation = Quaternion(0.996185, 0.0479136, 0.0566427, -0.045939)
bones/24/scale = Vector3(1, 1, 1)
bones/25/rotation = Quaternion(0.165014, 6.49414e-08, -1.11407e-07, 0.986291)
bones/26/rotation = Quaternion(-0.533729, -0.260895, -1.72985e-05, 0.804405)
bones/27/rotation = Quaternion(-2.32086e-08, 0.920355, -0.391084, 7.25743e-08)
bones/27/scale = Vector3(1, 1, 1)
bones/28/position = Vector3(-0.170945, 0.113587, 1.55755e-08)
bones/28/rotation = Quaternion(0.997322, -0.0294574, 0.0315293, 0.0590483)
bones/28/scale = Vector3(1, 1, 1)
bones/29/rotation = Quaternion(0.274008, -6.38135e-08, 1.92761e-07, 0.961727)
bones/30/rotation = Quaternion(-0.559039, 0.114513, -0.00862763, 0.82115)
bones/31/rotation = Quaternion(3.03591e-08, 0.920355, -0.391084, -6.95338e-08)
bones/31/scale = Vector3(1, 1, 1)
bones/32/rotation = Quaternion(0.707107, -2.29302e-07, -4.60552e-08, 0.707107)
bones/33/position = Vector3(0.213918, 0.0259903, 0.173866)
bones/33/rotation = Quaternion(-0.705092, 0.0533355, 0.0533355, 0.705092)
bones/34/rotation = Quaternion(9.65792e-09, 1.77955e-09, 0.985719, -0.168398)
bones/35/position = Vector3(-1.11482e-08, 0.213436, -5.36347e-09)
bones/35/rotation = Quaternion(-1.10961e-07, 0.391084, 0.920355, -2.67919e-08)
bones/36/position = Vector3(-6.31128e-09, 0.16565, -7.10267e-09)
bones/37/rotation = Quaternion(1, -8.27364e-11, 1.94627e-07, -7.45058e-09)
bones/39/rotation = Quaternion(0.707107, -3.82385e-08, 1.45009e-07, 0.707107)
bones/40/rotation = Quaternion(-0.707107, -7.05285e-08, -7.05285e-08, 0.707107)
bones/41/rotation = Quaternion(-5.83589e-09, 6.43837e-10, 0.994809, 0.101756)
bones/42/position = Vector3(-1.11482e-08, 0.213436, -2.50942e-15)
bones/42/rotation = Quaternion(-1.05796e-07, 0.391084, 0.920355, -2.58643e-08)
bones/43/position = Vector3(-6.31128e-09, 0.16565, 2.70695e-09)
bones/43/rotation = Quaternion(-0.391084, -6.885e-08, -6.56287e-08, 0.920355)
bones/44/rotation = Quaternion(1, 3.76526e-09, 1.94879e-07, 7.45058e-09)
bones/46/rotation = Quaternion(-0.707107, -7.27951e-08, -7.27951e-08, 0.707107)
bones/47/position = Vector3(0.520841, 0.788312, -0.0576373)
bones/47/rotation = Quaternion(0.794627, -1.11759e-07, 0.607098, -5.96046e-08)
bones/48/rotation = Quaternion(-0.707107, -7.27951e-08, -7.27951e-08, 0.707107)
bones/49/position = Vector3(-0.510844, 0.788312, 0.0597369)
bones/49/rotation = Quaternion(0.758253, 1.52737e-07, -0.651961, 1.11759e-08)

[node name="1H_Sword_Offhand" parent="Rig/Skeleton3D" index="0"]
transform = Transform3D(6.21035e-07, 0.262863, 0.964833, 0.999999, -2.05809e-07, 2.10601e-07, 6.8126e-07, 0.964832, -0.262863, 0.51224, 0.636705, -0.00210768)
visible = false

[node name="Badge_Shield" parent="Rig/Skeleton3D" index="1"]
transform = Transform3D(6.43451e-07, 0.262863, 0.964833, 0.999999, -2.74099e-06, 8.78063e-07, 3.30274e-06, 0.964832, -0.262863, 0.662643, 0.636705, -0.0430842)
visible = false

[node name="Rectangle_Shield" parent="Rig/Skeleton3D" index="2"]
transform = Transform3D(6.43451e-07, 0.262863, 0.964833, 0.999999, -2.74099e-06, 8.78063e-07, 3.30274e-06, 0.964832, -0.262863, 0.662643, 0.636705, -0.0430842)
visible = false

[node name="Round_Shield" parent="Rig/Skeleton3D" index="3"]
transform = Transform3D(6.43451e-07, 0.262863, 0.964833, 0.999999, -2.74099e-06, 8.78063e-07, 3.30274e-06, 0.964832, -0.262863, 0.662643, 0.636705, -0.0430842)

[node name="Spike_Shield" parent="Rig/Skeleton3D" index="4"]
transform = Transform3D(6.43451e-07, 0.262863, 0.964833, 0.999999, -2.74099e-06, 8.78063e-07, 3.30274e-06, 0.964832, -0.262863, 0.662643, 0.636705, -0.0430842)
visible = false

[node name="1H_Sword" parent="Rig/Skeleton3D" index="5"]
transform = Transform3D(-7.96776e-07, -0.149894, 0.988702, 0.999999, -2.69947e-08, -2.98023e-08, 5.91587e-07, 0.988701, 0.149894, -0.496054, 0.64103, 0.139528)

[node name="2H_Sword" parent="Rig/Skeleton3D" index="6"]
transform = Transform3D(-8.12515e-07, -0.149894, 0.988702, 0.999999, -4.17281e-08, -1.61164e-08, 6.04102e-07, 0.988701, 0.149894, -0.496054, 0.64103, 0.139528)

[node name="Knight_Helmet" parent="Rig/Skeleton3D" index="7"]
transform = Transform3D(0.99972, -1.40143e-09, 0.0236466, 1.39341e-09, 1, 3.55686e-10, -0.0236466, -3.22637e-10, 0.99972, 4.69869e-07, 1.20229, -1.19779e-07)

[node name="Knight_Cape" parent="Rig/Skeleton3D" index="8"]
transform = Transform3D(0.996275, -5.14962e-09, 0.0862353, 5.13043e-09, 1, 4.44077e-10, -0.0862353, 1.88007e-15, 0.996275, -1.63023e-08, 1.20229, -1.40136e-07)

[node name="AnimationPlayer" parent="." index="1"]
autoplay = "Running_A"

[node name="CollisionShape3D" type="CollisionShape3D" parent="." index="2"]
transform = Transform3D(1, 0, 0, 0, 1, 0, 0, 0, 1, 0, 0.844501, 0)
shape = SubResource("CapsuleShape3D_pav6j")

[node name="AnimationTree" type="AnimationTree" parent="." index="3"]
tree_root = SubResource("AnimationNodeStateMachine_vm5ia")
anim_player = NodePath("../AnimationPlayer")
parameters/conditions/grounded = false
parameters/conditions/jumping = false
parameters/IWR/blend_position = Vector2(0.00158978, -0.00724638)
