[gd_scene load_steps=2 format=3 uid="uid://biayxr4xh73an"]

[ext_resource type="PackedScene" uid="uid://d4i3yiownurkd" path="res://Scenes/Characters/knight.tscn" id="2_21t8l"]

[node name="Node3D" type="Node3D"]

[node name="Knight" parent="." instance=ExtResource("2_21t8l")]
is_leader = true

[node name="Skeleton3D" parent="Knight/Rig" index="0"]
bones/0/rotation = Quaternion(-2.55999e-09, -0.0743905, -4.43402e-09, 0.997229)
bones/1/position = Vector3(4.1297e-17, 0.374827, 1.75762e-16)
bones/1/rotation = Quaternion(0.0138998, 0.00954043, 0.0100147, 0.999808)
bones/2/rotation = Quaternion(0.0125899, 0.197943, -0.000298975, 0.980133)
bones/3/rotation = Quaternion(0.00607862, 0.0219307, 0.00869654, 0.999703)
bones/4/position = Vector3(0.209604, 0.131572, -0.00633044)
bones/4/rotation = Quaternion(-0.573517, -0.218352, -0.652262, 0.444921)
bones/5/rotation = Quaternion(2.28698e-08, -4.6412e-08, -0.503671, 0.863895)
bones/7/rotation = Quaternion(-0.392951, -0.258834, -0.0436897, 0.881298)
bones/8/position = Vector3(-7.64136e-09, 0.0961251, -0.0575)
bones/8/rotation = Quaternion(-0.0145632, -0.0123945, -0.658902, 0.751986)
bones/14/position = Vector3(-0.212404, 0.131994, -0.0040191)
bones/14/rotation = Quaternion(-0.766855, 0.17271, 0.387657, 0.481484)
bones/15/rotation = Quaternion(9.66403e-08, 3.6209e-08, 0.638614, 0.769527)
bones/17/rotation = Quaternion(-0.241496, 0.413084, 0.0362469, 0.877341)
bones/18/position = Vector3(-3.79081e-09, 0.0961251, -0.0575)
bones/18/rotation = Quaternion(-0.00567573, -0.00896607, 0.676002, 0.736824)
bones/21/rotation = Quaternion(0.00952415, -0.0167006, -0.00992087, 0.999766)
bones/24/position = Vector3(0.170945, 0.113583, 0.00378206)
bones/24/rotation = Quaternion(0.888035, 0.0155179, 0.00839518, 0.459437)
bones/25/rotation = Quaternion(0.652514, 5.65024e-08, -4.52248e-07, 0.757777)
bones/26/rotation = Quaternion(-0.366797, -0.0423749, 0.00926795, 0.929289)
bones/27/rotation = Quaternion(-6.84066e-08, 0.889304, -0.457318, 9.51241e-08)
bones/28/position = Vector3(-0.170945, 0.0959658, -0.00378237)
bones/28/rotation = Quaternion(0.994631, -0.00871633, 0.00417144, -0.103029)
bones/29/rotation = Quaternion(0.247511, -6.67992e-08, 1.59158e-07, 0.968885)
bones/30/rotation = Quaternion(-0.591144, 0.0301359, -0.00421607, 0.805992)
bones/31/rotation = Quaternion(3.51554e-08, 0.889795, -0.456361, -7.62216e-08)
bones/32/position = Vector3(0.170945, 0.302667, 0.586169)
bones/32/rotation = Quaternion(0.707107, -2.29302e-07, -4.60552e-08, 0.707107)
bones/33/position = Vector3(0.177142, 0.0380432, 0.247642)
bones/33/rotation = Quaternion(-0.50848, -7.99768e-08, -5.34101e-08, 0.861074)
bones/34/position = Vector3(7.51294e-09, 0.362833, -2.42861e-15)
bones/34/rotation = Quaternion(3.16903e-09, -1.80739e-09, 0.999437, -0.0335592)
bones/35/position = Vector3(-2.60494e-08, 0.213436, 5.79449e-09)
bones/35/rotation = Quaternion(-1.0316e-07, 0.391084, 0.920355, -3.13242e-08)
bones/36/position = Vector3(8.828e-10, 0.16565, 2.26099e-09)
bones/37/rotation = Quaternion(1, 1.65275e-09, 1.9575e-07, 2.64882e-10)
bones/39/position = Vector3(-0.170945, 0.302667, 0.586169)
bones/39/rotation = Quaternion(0.707107, -3.82385e-08, 1.45009e-07, 0.707107)
bones/40/position = Vector3(-0.170945, 0.0040844, 0.084611)
bones/40/rotation = Quaternion(-0.639925, -7.68883e-08, -6.25283e-08, 0.768437)
bones/41/position = Vector3(2.58153e-08, 0.362833, -4.91306e-09)
bones/41/rotation = Quaternion(-2.37562e-09, 1.03341e-10, 0.999796, 0.0202193)
bones/42/position = Vector3(-9.02915e-09, 0.213436, 6.58767e-09)
bones/42/rotation = Quaternion(-1.03888e-07, 0.391084, 0.920355, -2.99574e-08)
bones/43/position = Vector3(5.6339e-09, 0.16565, -9.75297e-09)
bones/44/rotation = Quaternion(1, 3.17423e-09, 1.9552e-07, 4.18469e-10)
bones/46/position = Vector3(0.418612, 0.929554, -0.812387)
bones/46/rotation = Quaternion(-0.706889, 0.0175484, 0.0175484, 0.706889)
bones/47/position = Vector3(0.515114, 0.842851, -0.111688)
bones/47/rotation = Quaternion(0.709265, 0.193141, 0.662129, 0.145689)
bones/48/position = Vector3(-0.543726, 0.901112, -0.694929)
bones/49/position = Vector3(-0.494689, 0.859375, 0.269508)

[node name="1H_Sword_Offhand" parent="Knight/Rig/Skeleton3D" index="0"]
transform = Transform3D(0.0660459, -0.0113818, 0.997751, 0.930912, 0.360687, -0.057506, -0.359221, 0.932617, 0.0344174, 0.523995, 0.713774, 0.0645449)

[node name="Badge_Shield" parent="Knight/Rig/Skeleton3D" index="1"]
transform = Transform3D(0.0660452, -0.0113822, 0.997751, 0.930913, 0.360685, -0.0575053, -0.359219, 0.932617, 0.0344174, 0.679529, 0.70481, 0.06991)

[node name="Rectangle_Shield" parent="Knight/Rig/Skeleton3D" index="2"]
transform = Transform3D(0.0660452, -0.0113822, 0.997751, 0.930913, 0.360685, -0.0575053, -0.359219, 0.932617, 0.0344174, 0.679529, 0.70481, 0.06991)

[node name="Round_Shield" parent="Knight/Rig/Skeleton3D" index="3"]
transform = Transform3D(0.0660452, -0.0113822, 0.997751, 0.930913, 0.360685, -0.0575053, -0.359219, 0.932617, 0.0344174, 0.679529, 0.70481, 0.06991)

[node name="Spike_Shield" parent="Knight/Rig/Skeleton3D" index="4"]
transform = Transform3D(0.0660452, -0.0113822, 0.997751, 0.930913, 0.360685, -0.0575053, -0.359219, 0.932617, 0.0344174, 0.679529, 0.70481, 0.06991)

[node name="1H_Sword" parent="Knight/Rig/Skeleton3D" index="5"]
transform = Transform3D(0.10557, -0.00278956, 0.994407, 0.556212, 0.829102, -0.0567245, -0.824307, 0.559089, 0.0890798, -0.532594, 0.834349, 0.373152)

[node name="2H_Sword" parent="Knight/Rig/Skeleton3D" index="6"]
transform = Transform3D(0.10557, -0.00278956, 0.994407, 0.556212, 0.829102, -0.0567245, -0.824307, 0.559089, 0.0890798, -0.532594, 0.834349, 0.373152)

[node name="Knight_Helmet" parent="Knight/Rig/Skeleton3D" index="7"]
transform = Transform3D(0.960793, -0.00994671, 0.277088, 0.0313658, 0.99684, -0.0729761, -0.275486, 0.078806, 0.958069, -0.0215666, 1.18372, 0.0392622)

[node name="Knight_Cape" parent="Knight/Rig/Skeleton3D" index="8"]
transform = Transform3D(0.950569, -0.0344929, 0.308593, 0.0532501, 0.997197, -0.0525667, -0.305914, 0.0664008, 0.949741, -0.0209403, 1.18371, 0.039579)

[node name="Knight2" parent="." instance=ExtResource("2_21t8l")]
transform = Transform3D(1, 0, 0, 0, 1, 0, 0, 0, 1, 2, 0, 0)

[node name="Skeleton3D" parent="Knight2/Rig" index="0"]
bones/0/rotation = Quaternion(-2.55999e-09, -0.0743905, -4.43402e-09, 0.997229)
bones/1/position = Vector3(4.1297e-17, 0.374827, 1.75762e-16)
bones/1/rotation = Quaternion(0.0138998, 0.00954043, 0.0100147, 0.999808)
bones/2/rotation = Quaternion(0.0125899, 0.197943, -0.000298975, 0.980133)
bones/3/rotation = Quaternion(0.00607862, 0.0219307, 0.00869654, 0.999703)
bones/4/position = Vector3(0.209604, 0.131572, -0.00633044)
bones/4/rotation = Quaternion(-0.573517, -0.218352, -0.652262, 0.444921)
bones/5/rotation = Quaternion(2.28698e-08, -4.6412e-08, -0.503671, 0.863895)
bones/7/rotation = Quaternion(-0.392951, -0.258834, -0.0436897, 0.881298)
bones/8/position = Vector3(-7.64136e-09, 0.0961251, -0.0575)
bones/8/rotation = Quaternion(-0.0145632, -0.0123945, -0.658902, 0.751986)
bones/14/position = Vector3(-0.212404, 0.131994, -0.0040191)
bones/14/rotation = Quaternion(-0.766855, 0.17271, 0.387657, 0.481484)
bones/15/rotation = Quaternion(9.66403e-08, 3.6209e-08, 0.638614, 0.769527)
bones/17/rotation = Quaternion(-0.241496, 0.413084, 0.0362469, 0.877341)
bones/18/position = Vector3(-3.79081e-09, 0.0961251, -0.0575)
bones/18/rotation = Quaternion(-0.00567573, -0.00896607, 0.676002, 0.736824)
bones/21/rotation = Quaternion(0.00952415, -0.0167006, -0.00992087, 0.999766)
bones/24/position = Vector3(0.170945, 0.113583, 0.00378206)
bones/24/rotation = Quaternion(0.888035, 0.0155179, 0.00839518, 0.459437)
bones/25/rotation = Quaternion(0.652514, 5.65024e-08, -4.52248e-07, 0.757777)
bones/26/rotation = Quaternion(-0.366797, -0.0423749, 0.00926795, 0.929289)
bones/27/rotation = Quaternion(-6.84066e-08, 0.889304, -0.457318, 9.51241e-08)
bones/28/position = Vector3(-0.170945, 0.0959658, -0.00378237)
bones/28/rotation = Quaternion(0.994631, -0.00871633, 0.00417144, -0.103029)
bones/29/rotation = Quaternion(0.247511, -6.67992e-08, 1.59158e-07, 0.968885)
bones/30/rotation = Quaternion(-0.591144, 0.0301359, -0.00421607, 0.805992)
bones/31/rotation = Quaternion(3.51554e-08, 0.889795, -0.456361, -7.62216e-08)
bones/32/position = Vector3(0.170945, 0.302667, 0.586169)
bones/32/rotation = Quaternion(0.707107, -2.29302e-07, -4.60552e-08, 0.707107)
bones/33/position = Vector3(0.177142, 0.0380432, 0.247642)
bones/33/rotation = Quaternion(-0.50848, -7.99768e-08, -5.34101e-08, 0.861074)
bones/34/position = Vector3(7.51294e-09, 0.362833, -2.42861e-15)
bones/34/rotation = Quaternion(3.16903e-09, -1.80739e-09, 0.999437, -0.0335592)
bones/35/position = Vector3(-2.60494e-08, 0.213436, 5.79449e-09)
bones/35/rotation = Quaternion(-1.0316e-07, 0.391084, 0.920355, -3.13242e-08)
bones/36/position = Vector3(8.828e-10, 0.16565, 2.26099e-09)
bones/37/rotation = Quaternion(1, 1.65275e-09, 1.9575e-07, 2.64882e-10)
bones/39/position = Vector3(-0.170945, 0.302667, 0.586169)
bones/39/rotation = Quaternion(0.707107, -3.82385e-08, 1.45009e-07, 0.707107)
bones/40/position = Vector3(-0.170945, 0.0040844, 0.084611)
bones/40/rotation = Quaternion(-0.639925, -7.68883e-08, -6.25283e-08, 0.768437)
bones/41/position = Vector3(2.58153e-08, 0.362833, -4.91306e-09)
bones/41/rotation = Quaternion(-2.37562e-09, 1.03341e-10, 0.999796, 0.0202193)
bones/42/position = Vector3(-9.02915e-09, 0.213436, 6.58767e-09)
bones/42/rotation = Quaternion(-1.03888e-07, 0.391084, 0.920355, -2.99574e-08)
bones/43/position = Vector3(5.6339e-09, 0.16565, -9.75297e-09)
bones/44/rotation = Quaternion(1, 3.17423e-09, 1.9552e-07, 4.18469e-10)
bones/46/position = Vector3(0.418612, 0.929554, -0.812387)
bones/46/rotation = Quaternion(-0.706889, 0.0175484, 0.0175484, 0.706889)
bones/47/position = Vector3(0.515114, 0.842851, -0.111688)
bones/47/rotation = Quaternion(0.709265, 0.193141, 0.662129, 0.145689)
bones/48/position = Vector3(-0.543726, 0.901112, -0.694929)
bones/49/position = Vector3(-0.494689, 0.859375, 0.269508)

[node name="1H_Sword_Offhand" parent="Knight2/Rig/Skeleton3D" index="0"]
transform = Transform3D(0.0660459, -0.0113818, 0.997751, 0.930912, 0.360687, -0.057506, -0.359221, 0.932617, 0.0344174, 0.523995, 0.713774, 0.0645449)

[node name="Badge_Shield" parent="Knight2/Rig/Skeleton3D" index="1"]
transform = Transform3D(0.0660452, -0.0113822, 0.997751, 0.930913, 0.360685, -0.0575053, -0.359219, 0.932617, 0.0344174, 0.679529, 0.70481, 0.06991)

[node name="Rectangle_Shield" parent="Knight2/Rig/Skeleton3D" index="2"]
transform = Transform3D(0.0660452, -0.0113822, 0.997751, 0.930913, 0.360685, -0.0575053, -0.359219, 0.932617, 0.0344174, 0.679529, 0.70481, 0.06991)

[node name="Round_Shield" parent="Knight2/Rig/Skeleton3D" index="3"]
transform = Transform3D(0.0660452, -0.0113822, 0.997751, 0.930913, 0.360685, -0.0575053, -0.359219, 0.932617, 0.0344174, 0.679529, 0.70481, 0.06991)

[node name="Spike_Shield" parent="Knight2/Rig/Skeleton3D" index="4"]
transform = Transform3D(0.0660452, -0.0113822, 0.997751, 0.930913, 0.360685, -0.0575053, -0.359219, 0.932617, 0.0344174, 0.679529, 0.70481, 0.06991)

[node name="1H_Sword" parent="Knight2/Rig/Skeleton3D" index="5"]
transform = Transform3D(0.10557, -0.00278956, 0.994407, 0.556212, 0.829102, -0.0567245, -0.824307, 0.559089, 0.0890798, -0.532594, 0.834349, 0.373152)

[node name="2H_Sword" parent="Knight2/Rig/Skeleton3D" index="6"]
transform = Transform3D(0.10557, -0.00278956, 0.994407, 0.556212, 0.829102, -0.0567245, -0.824307, 0.559089, 0.0890798, -0.532594, 0.834349, 0.373152)

[node name="Knight_Helmet" parent="Knight2/Rig/Skeleton3D" index="7"]
transform = Transform3D(0.960793, -0.00994671, 0.277088, 0.0313658, 0.99684, -0.0729761, -0.275486, 0.078806, 0.958069, -0.0215666, 1.18372, 0.0392622)

[node name="Knight_Cape" parent="Knight2/Rig/Skeleton3D" index="8"]
transform = Transform3D(0.950569, -0.0344929, 0.308593, 0.0532501, 0.997197, -0.0525667, -0.305914, 0.0664008, 0.949741, -0.0209403, 1.18371, 0.039579)

[node name="Knight3" parent="." instance=ExtResource("2_21t8l")]
transform = Transform3D(1, 0, 0, 0, 1, 0, 0, 0, 1, -2, 0, 0)

[connection signal="changed" from="Knight" to="Knight2" method="_on_knight_changed"]
[connection signal="changed_other" from="Knight" to="Knight3" method="_on_knight_changed_other"]
[connection signal="changed" from="Knight2" to="Knight3" method="_on_knight_changed"]

[editable path="Knight"]
[editable path="Knight2"]
