[gd_scene load_steps=2 format=3 uid="uid://biayxr4xh73an"]

[ext_resource type="PackedScene" uid="uid://d4i3yiownurkd" path="res://Scenes/Characters/knight.tscn" id="2_21t8l"]

[node name="Node3D" type="Node3D"]

[node name="Knight" parent="." instance=ExtResource("2_21t8l")]
is_leader = true

[node name="Skeleton3D" parent="Knight/Rig" index="0"]
bones/1/position = Vector3(8.11674e-24, 0.358603, -3.40442e-17)
bones/1/rotation = Quaternion(0.0141956, 0.00956109, 0.0100158, 0.999803)
bones/2/rotation = Quaternion(0.0124619, 0.190572, 0.000131431, 0.981594)
bones/3/rotation = Quaternion(0.00660722, 0.021853, 0.0127793, 0.999658)
bones/4/position = Vector3(0.208891, 0.131215, -0.00613804)
bones/4/rotation = Quaternion(-0.594815, -0.216641, -0.616295, 0.468446)
bones/5/rotation = Quaternion(2.23812e-08, -4.008e-08, -0.527126, 0.849787)
bones/7/rotation = Quaternion(-0.416925, -0.262938, -0.0371954, 0.869283)
bones/8/rotation = Quaternion(-0.0160452, -0.0117445, -0.659461, 0.751475)
bones/14/position = Vector3(-0.21215, 0.132445, -0.00575978)
bones/14/rotation = Quaternion(-0.744468, 0.212669, 0.387231, 0.500591)
bones/15/rotation = Quaternion(1.03908e-08, 3.6592e-08, 0.652746, 0.757577)
bones/17/rotation = Quaternion(-0.225419, 0.454834, 0.0132661, 0.861473)
bones/18/rotation = Quaternion(-0.00559304, -0.0074822, 0.676248, 0.736615)
bones/21/rotation = Quaternion(0.00920748, 0.00205597, -0.010045, 0.999905)
bones/24/position = Vector3(0.170945, 0.113575, 0.0244338)
bones/24/rotation = Quaternion(0.96269, 0.0130966, 0.00820501, 0.270164)
bones/25/rotation = Quaternion(0.51384, 5.54828e-08, -3.54071e-07, 0.857886)
bones/26/rotation = Quaternion(-0.667794, -0.0393036, 0.0224251, 0.74297)
bones/27/rotation = Quaternion(-2.71788e-08, 0.920355, -0.391084, 7.02921e-08)
bones/28/position = Vector3(-0.170945, 0.110881, -0.0245)
bones/28/rotation = Quaternion(0.998341, -0.00988159, 0.00725524, 0.0562656)
bones/29/rotation = Quaternion(0.759303, -4.03498e-08, 5.19617e-07, 0.650738)
bones/30/rotation = Quaternion(-0.609987, 0.0279278, -0.0053392, 0.791901)
bones/31/rotation = Quaternion(1.98405e-08, 0.897067, -0.441894, -7.08145e-08)
bones/32/position = Vector3(0.170945, 0.295518, 0.57902)
bones/33/position = Vector3(0.177142, 0.0822396, 0.331826)
bones/33/rotation = Quaternion(-0.755669, -6.40194e-08, -7.60666e-08, 0.654954)
bones/39/position = Vector3(-0.170945, 0.295518, 0.57902)
bones/40/position = Vector3(-0.170945, 0.0138901, -0.118516)
bones/40/rotation = Quaternion(-0.236911, -9.87033e-08, -2.05765e-08, 0.971531)
bones/47/position = Vector3(0.515114, 0.849724, -0.12495)
bones/47/rotation = Quaternion(0.71388, 0.183607, 0.661959, 0.135922)
bones/49/position = Vector3(-0.494689, 0.869397, 0.279331)

[node name="1H_Sword_Offhand" parent="Knight/Rig/Skeleton3D" index="0"]
transform = Transform3D(0.056874, -0.00601331, 0.998362, 0.931071, 0.361275, -0.0508635, -0.360377, 0.932439, 0.0261461, 0.535522, 0.727928, 0.0565993)

[node name="Badge_Shield" parent="Knight/Rig/Skeleton3D" index="1"]
transform = Transform3D(0.0568733, -0.00601366, 0.998362, 0.931072, 0.361273, -0.0508628, -0.360375, 0.93244, 0.0261461, 0.691151, 0.719999, 0.060675)

[node name="Rectangle_Shield" parent="Knight/Rig/Skeleton3D" index="2"]
transform = Transform3D(0.0568733, -0.00601366, 0.998362, 0.931072, 0.361273, -0.0508628, -0.360375, 0.93244, 0.0261461, 0.691151, 0.719999, 0.060675)

[node name="Round_Shield" parent="Knight/Rig/Skeleton3D" index="3"]
transform = Transform3D(0.0568733, -0.00601366, 0.998362, 0.931072, 0.361273, -0.0508628, -0.360375, 0.93244, 0.0261461, 0.691151, 0.719999, 0.060675)

[node name="Spike_Shield" parent="Knight/Rig/Skeleton3D" index="4"]
transform = Transform3D(0.0568733, -0.00601366, 0.998362, 0.931072, 0.361273, -0.0508628, -0.360375, 0.93244, 0.0261461, 0.691151, 0.719999, 0.060675)

[node name="1H_Sword" parent="Knight/Rig/Skeleton3D" index="5"]
transform = Transform3D(0.119575, -0.00215063, 0.992822, 0.532498, 0.844135, -0.0623058, -0.837942, 0.536126, 0.102082, -0.53514, 0.851901, 0.391528)

[node name="2H_Sword" parent="Knight/Rig/Skeleton3D" index="6"]
transform = Transform3D(0.119575, -0.00215063, 0.992822, 0.532498, 0.844135, -0.0623058, -0.837942, 0.536126, 0.102082, -0.53514, 0.851901, 0.391528)

[node name="Knight_Helmet" parent="Knight/Rig/Skeleton3D" index="7"]
transform = Transform3D(0.954145, -0.0188094, 0.298753, 0.0422389, 0.996498, -0.0721617, -0.296349, 0.0814718, 0.951598, -0.0241928, 1.16733, 0.0403762)

[node name="Knight_Cape" parent="Knight/Rig/Skeleton3D" index="8"]
transform = Transform3D(0.954739, -0.0434465, 0.294255, 0.0620021, 0.996613, -0.0540228, -0.290911, 0.0698221, 0.954199, -0.0235642, 1.16732, 0.0406737)

[node name="Knight2" parent="." instance=ExtResource("2_21t8l")]
transform = Transform3D(1, 0, 0, 0, 1, 0, 0, 0, 1, 2, 0, 0)

[node name="Skeleton3D" parent="Knight2/Rig" index="0"]
bones/1/position = Vector3(8.11674e-24, 0.358603, -3.40442e-17)
bones/1/rotation = Quaternion(0.0141956, 0.00956109, 0.0100158, 0.999803)
bones/2/rotation = Quaternion(0.0124619, 0.190572, 0.000131431, 0.981594)
bones/3/rotation = Quaternion(0.00660722, 0.021853, 0.0127793, 0.999658)
bones/4/position = Vector3(0.208891, 0.131215, -0.00613804)
bones/4/rotation = Quaternion(-0.594815, -0.216641, -0.616295, 0.468446)
bones/5/rotation = Quaternion(2.23812e-08, -4.008e-08, -0.527126, 0.849787)
bones/7/rotation = Quaternion(-0.416925, -0.262938, -0.0371954, 0.869283)
bones/8/rotation = Quaternion(-0.0160452, -0.0117445, -0.659461, 0.751475)
bones/14/position = Vector3(-0.21215, 0.132445, -0.00575978)
bones/14/rotation = Quaternion(-0.744468, 0.212669, 0.387231, 0.500591)
bones/15/rotation = Quaternion(1.03908e-08, 3.6592e-08, 0.652746, 0.757577)
bones/17/rotation = Quaternion(-0.225419, 0.454834, 0.0132661, 0.861473)
bones/18/rotation = Quaternion(-0.00559304, -0.0074822, 0.676248, 0.736615)
bones/21/rotation = Quaternion(0.00920748, 0.00205597, -0.010045, 0.999905)
bones/24/position = Vector3(0.170945, 0.113575, 0.0244338)
bones/24/rotation = Quaternion(0.96269, 0.0130966, 0.00820501, 0.270164)
bones/25/rotation = Quaternion(0.51384, 5.54828e-08, -3.54071e-07, 0.857886)
bones/26/rotation = Quaternion(-0.667794, -0.0393036, 0.0224251, 0.74297)
bones/27/rotation = Quaternion(-2.71788e-08, 0.920355, -0.391084, 7.02921e-08)
bones/28/position = Vector3(-0.170945, 0.110881, -0.0245)
bones/28/rotation = Quaternion(0.998341, -0.00988159, 0.00725524, 0.0562656)
bones/29/rotation = Quaternion(0.759303, -4.03498e-08, 5.19617e-07, 0.650738)
bones/30/rotation = Quaternion(-0.609987, 0.0279278, -0.0053392, 0.791901)
bones/31/rotation = Quaternion(1.98405e-08, 0.897067, -0.441894, -7.08145e-08)
bones/32/position = Vector3(0.170945, 0.295518, 0.57902)
bones/33/position = Vector3(0.177142, 0.0822396, 0.331826)
bones/33/rotation = Quaternion(-0.755669, -6.40194e-08, -7.60666e-08, 0.654954)
bones/39/position = Vector3(-0.170945, 0.295518, 0.57902)
bones/40/position = Vector3(-0.170945, 0.0138901, -0.118516)
bones/40/rotation = Quaternion(-0.236911, -9.87033e-08, -2.05765e-08, 0.971531)
bones/47/position = Vector3(0.515114, 0.849724, -0.12495)
bones/47/rotation = Quaternion(0.71388, 0.183607, 0.661959, 0.135922)
bones/49/position = Vector3(-0.494689, 0.869397, 0.279331)

[node name="1H_Sword_Offhand" parent="Knight2/Rig/Skeleton3D" index="0"]
transform = Transform3D(0.056874, -0.00601331, 0.998362, 0.931071, 0.361275, -0.0508635, -0.360377, 0.932439, 0.0261461, 0.535522, 0.727928, 0.0565993)

[node name="Badge_Shield" parent="Knight2/Rig/Skeleton3D" index="1"]
transform = Transform3D(0.0568733, -0.00601366, 0.998362, 0.931072, 0.361273, -0.0508628, -0.360375, 0.93244, 0.0261461, 0.691151, 0.719999, 0.060675)

[node name="Rectangle_Shield" parent="Knight2/Rig/Skeleton3D" index="2"]
transform = Transform3D(0.0568733, -0.00601366, 0.998362, 0.931072, 0.361273, -0.0508628, -0.360375, 0.93244, 0.0261461, 0.691151, 0.719999, 0.060675)

[node name="Round_Shield" parent="Knight2/Rig/Skeleton3D" index="3"]
transform = Transform3D(0.0568733, -0.00601366, 0.998362, 0.931072, 0.361273, -0.0508628, -0.360375, 0.93244, 0.0261461, 0.691151, 0.719999, 0.060675)

[node name="Spike_Shield" parent="Knight2/Rig/Skeleton3D" index="4"]
transform = Transform3D(0.0568733, -0.00601366, 0.998362, 0.931072, 0.361273, -0.0508628, -0.360375, 0.93244, 0.0261461, 0.691151, 0.719999, 0.060675)

[node name="1H_Sword" parent="Knight2/Rig/Skeleton3D" index="5"]
transform = Transform3D(0.119575, -0.00215063, 0.992822, 0.532498, 0.844135, -0.0623058, -0.837942, 0.536126, 0.102082, -0.53514, 0.851901, 0.391528)

[node name="2H_Sword" parent="Knight2/Rig/Skeleton3D" index="6"]
transform = Transform3D(0.119575, -0.00215063, 0.992822, 0.532498, 0.844135, -0.0623058, -0.837942, 0.536126, 0.102082, -0.53514, 0.851901, 0.391528)

[node name="Knight_Helmet" parent="Knight2/Rig/Skeleton3D" index="7"]
transform = Transform3D(0.954145, -0.0188094, 0.298753, 0.0422389, 0.996498, -0.0721617, -0.296349, 0.0814718, 0.951598, -0.0241928, 1.16733, 0.0403762)

[node name="Knight_Cape" parent="Knight2/Rig/Skeleton3D" index="8"]
transform = Transform3D(0.954739, -0.0434465, 0.294255, 0.0620021, 0.996613, -0.0540228, -0.290911, 0.0698221, 0.954199, -0.0235642, 1.16732, 0.0406737)

[connection signal="changed" from="Knight" to="Knight2" method="_on_knight_changed"]

[editable path="Knight"]
[editable path="Knight2"]
