[gd_scene load_steps=3 format=3 uid="uid://biayxr4xh73an"]

[ext_resource type="Script" path="res://Scenes/Characters/two_knights.gd" id="1_rk2q1"]
[ext_resource type="PackedScene" uid="uid://d4i3yiownurkd" path="res://Scenes/Characters/knight.tscn" id="2_21t8l"]

[node name="Node3D" type="Node3D"]
script = ExtResource("1_rk2q1")

[node name="Knight" parent="." instance=ExtResource("2_21t8l")]
is_leader = true

[node name="Skeleton3D" parent="Knight/Rig" index="0"]
bones/1/position = Vector3(3.6188e-20, 0.38294, 8.6279e-27)
bones/1/rotation = Quaternion(0.000745554, 0.0428453, 3.19755e-05, 0.999081)
bones/2/rotation = Quaternion(0.000821942, -0.000158606, 1.24826e-05, 1)
bones/3/rotation = Quaternion(0.000305422, -2.59577e-06, -1.33731e-05, 1)
bones/4/position = Vector3(0.211899, 0.134009, -0.000326324)
bones/4/rotation = Quaternion(-0.55873, -0.0598174, -0.639733, 0.52439)
bones/5/rotation = Quaternion(2.22885e-08, -5.18176e-08, -0.506668, 0.862141)
bones/7/rotation = Quaternion(-0.321525, -0.330542, 0.145207, 0.875373)
bones/8/rotation = Quaternion(-9.88685e-05, 0.000698816, -0.70491, 0.709296)
bones/14/position = Vector3(-0.21193, 0.134024, -0.000334667)
bones/14/rotation = Quaternion(-0.616325, 0.0798145, 0.614774, 0.48562)
bones/15/rotation = Quaternion(3.68285e-08, 5.59e-08, 0.529343, 0.848408)
bones/17/rotation = Quaternion(-0.320126, 0.306391, -0.226676, 0.867331)
bones/18/rotation = Quaternion(0.000566787, 0.00073366, 0.705011, 0.709196)
bones/21/rotation = Quaternion(-0.000947951, -0.0307378, 6.43447e-06, 0.999527)
bones/24/position = Vector3(0.170945, 0.113587, -0.000584463)
bones/24/rotation = Quaternion(0.99254, 0.0825719, 0.0755389, 0.0483674)
bones/25/rotation = Quaternion(0.295658, 6.51128e-08, -2.07744e-07, 0.955294)
bones/26/rotation = Quaternion(-0.568443, -0.204563, 0.058772, 0.794716)
bones/27/rotation = Quaternion(-9.40667e-09, 0.919672, -0.392688, 7.82264e-08)
bones/28/position = Vector3(-0.170945, 0.113587, 0.000584495)
bones/28/rotation = Quaternion(0.994793, -0.0307569, 0.0306677, 0.0921987)
bones/29/rotation = Quaternion(0.352972, -6.22653e-08, 2.45084e-07, 0.935634)
bones/30/rotation = Quaternion(-0.599138, 0.113023, -0.0150876, 0.792484)
bones/33/position = Vector3(0.201956, 0.0257864, 0.202585)
bones/33/rotation = Quaternion(-0.704663, -7.07421e-08, -7.03141e-08, 0.709542)
bones/40/position = Vector3(-0.170945, 0.0262402, 0.247151)
bones/40/rotation = Quaternion(-0.706531, -7.06356e-08, -7.04211e-08, 0.707682)
bones/47/position = Vector3(0.520785, 0.783942, -0.0559844)
bones/49/position = Vector3(-0.510861, 0.783942, 0.0605393)

[node name="1H_Sword_Offhand" parent="Knight/Rig/Skeleton3D" index="0"]
transform = Transform3D(0.00156686, 0.257878, 0.966176, 0.999994, 0.0022728, -0.0022273, -0.00276986, 0.966174, -0.257873, 0.511406, 0.632475, 0.00192963)

[node name="Badge_Shield" parent="Knight/Rig/Skeleton3D" index="1"]
transform = Transform3D(0.00156687, 0.257878, 0.966176, 0.999994, 0.00227026, -0.00222663, -0.00276723, 0.966174, -0.257873, 0.662019, 0.632127, -0.0382689)

[node name="Rectangle_Shield" parent="Knight/Rig/Skeleton3D" index="2"]
transform = Transform3D(0.00156687, 0.257878, 0.966176, 0.999994, 0.00227026, -0.00222663, -0.00276723, 0.966174, -0.257873, 0.662019, 0.632127, -0.0382689)

[node name="Round_Shield" parent="Knight/Rig/Skeleton3D" index="3"]
transform = Transform3D(0.00156687, 0.257878, 0.966176, 0.999994, 0.00227026, -0.00222663, -0.00276723, 0.966174, -0.257873, 0.662019, 0.632127, -0.0382689)

[node name="Spike_Shield" parent="Knight/Rig/Skeleton3D" index="4"]
transform = Transform3D(0.00156687, 0.257878, 0.966176, 0.999994, 0.00227026, -0.00222663, -0.00276723, 0.966174, -0.257873, 0.662019, 0.632127, -0.0382689)

[node name="1H_Sword" parent="Knight/Rig/Skeleton3D" index="5"]
transform = Transform3D(-0.00240794, -0.148377, 0.988927, 0.999993, 0.00218951, 0.00276222, -0.00257484, 0.988928, 0.14837, -0.495073, 0.636948, 0.142233)

[node name="2H_Sword" parent="Knight/Rig/Skeleton3D" index="6"]
transform = Transform3D(-0.00240796, -0.148377, 0.988927, 0.999993, 0.0021895, 0.00276223, -0.00257482, 0.988928, 0.14837, -0.495073, 0.636948, 0.142233)

[node name="Knight_Helmet" parent="Knight/Rig/Skeleton3D" index="7"]
transform = Transform3D(0.999714, 7.79343e-05, 0.0239072, -3.37685e-05, 0.999998, -0.00184778, -0.0239073, 0.00184645, 0.999712, 9.40708e-05, 1.19319, 0.00241888)

[node name="Knight_Cape" parent="Knight/Rig/Skeleton3D" index="8"]
transform = Transform3D(0.996356, 0.000194347, 0.0852907, 0.000125248, 0.999993, -0.00374176, -0.0852908, 0.00373881, 0.996349, 9.0612e-05, 1.19319, 0.00237053)

[node name="Knight2" parent="." instance=ExtResource("2_21t8l")]
transform = Transform3D(1, 0, 0, 0, 1, 0, 0, 0, 1, 2, 0, 0)

[node name="Skeleton3D" parent="Knight2/Rig" index="0"]
bones/1/position = Vector3(3.6188e-20, 0.38294, 8.6279e-27)
bones/1/rotation = Quaternion(0.000745554, 0.0428453, 3.19755e-05, 0.999081)
bones/2/rotation = Quaternion(0.000821942, -0.000158606, 1.24826e-05, 1)
bones/3/rotation = Quaternion(0.000305422, -2.59577e-06, -1.33731e-05, 1)
bones/4/position = Vector3(0.211899, 0.134009, -0.000326324)
bones/4/rotation = Quaternion(-0.55873, -0.0598174, -0.639733, 0.52439)
bones/5/rotation = Quaternion(2.22885e-08, -5.18176e-08, -0.506668, 0.862141)
bones/7/rotation = Quaternion(-0.321525, -0.330542, 0.145207, 0.875373)
bones/8/rotation = Quaternion(-9.88685e-05, 0.000698816, -0.70491, 0.709296)
bones/14/position = Vector3(-0.21193, 0.134024, -0.000334667)
bones/14/rotation = Quaternion(-0.616325, 0.0798145, 0.614774, 0.48562)
bones/15/rotation = Quaternion(3.68285e-08, 5.59e-08, 0.529343, 0.848408)
bones/17/rotation = Quaternion(-0.320126, 0.306391, -0.226676, 0.867331)
bones/18/rotation = Quaternion(0.000566787, 0.00073366, 0.705011, 0.709196)
bones/21/rotation = Quaternion(-0.000947951, -0.0307378, 6.43447e-06, 0.999527)
bones/24/position = Vector3(0.170945, 0.113587, -0.000584463)
bones/24/rotation = Quaternion(0.99254, 0.0825719, 0.0755389, 0.0483674)
bones/25/rotation = Quaternion(0.295658, 6.51128e-08, -2.07744e-07, 0.955294)
bones/26/rotation = Quaternion(-0.568443, -0.204563, 0.058772, 0.794716)
bones/27/rotation = Quaternion(-9.40667e-09, 0.919672, -0.392688, 7.82264e-08)
bones/28/position = Vector3(-0.170945, 0.113587, 0.000584495)
bones/28/rotation = Quaternion(0.994793, -0.0307569, 0.0306677, 0.0921987)
bones/29/rotation = Quaternion(0.352972, -6.22653e-08, 2.45084e-07, 0.935634)
bones/30/rotation = Quaternion(-0.599138, 0.113023, -0.0150876, 0.792484)
bones/33/position = Vector3(0.201956, 0.0257864, 0.202585)
bones/33/rotation = Quaternion(-0.704663, -7.07421e-08, -7.03141e-08, 0.709542)
bones/40/position = Vector3(-0.170945, 0.0262402, 0.247151)
bones/40/rotation = Quaternion(-0.706531, -7.06356e-08, -7.04211e-08, 0.707682)
bones/47/position = Vector3(0.520785, 0.783942, -0.0559844)
bones/49/position = Vector3(-0.510861, 0.783942, 0.0605393)

[node name="1H_Sword_Offhand" parent="Knight2/Rig/Skeleton3D" index="0"]
transform = Transform3D(0.00156686, 0.257878, 0.966176, 0.999994, 0.0022728, -0.0022273, -0.00276986, 0.966174, -0.257873, 0.511406, 0.632475, 0.00192963)

[node name="Badge_Shield" parent="Knight2/Rig/Skeleton3D" index="1"]
transform = Transform3D(0.00156687, 0.257878, 0.966176, 0.999994, 0.00227026, -0.00222663, -0.00276723, 0.966174, -0.257873, 0.662019, 0.632127, -0.0382689)

[node name="Rectangle_Shield" parent="Knight2/Rig/Skeleton3D" index="2"]
transform = Transform3D(0.00156687, 0.257878, 0.966176, 0.999994, 0.00227026, -0.00222663, -0.00276723, 0.966174, -0.257873, 0.662019, 0.632127, -0.0382689)

[node name="Round_Shield" parent="Knight2/Rig/Skeleton3D" index="3"]
transform = Transform3D(0.00156687, 0.257878, 0.966176, 0.999994, 0.00227026, -0.00222663, -0.00276723, 0.966174, -0.257873, 0.662019, 0.632127, -0.0382689)

[node name="Spike_Shield" parent="Knight2/Rig/Skeleton3D" index="4"]
transform = Transform3D(0.00156687, 0.257878, 0.966176, 0.999994, 0.00227026, -0.00222663, -0.00276723, 0.966174, -0.257873, 0.662019, 0.632127, -0.0382689)

[node name="1H_Sword" parent="Knight2/Rig/Skeleton3D" index="5"]
transform = Transform3D(-0.00240794, -0.148377, 0.988927, 0.999993, 0.00218951, 0.00276222, -0.00257484, 0.988928, 0.14837, -0.495073, 0.636948, 0.142233)

[node name="2H_Sword" parent="Knight2/Rig/Skeleton3D" index="6"]
transform = Transform3D(-0.00240796, -0.148377, 0.988927, 0.999993, 0.0021895, 0.00276223, -0.00257482, 0.988928, 0.14837, -0.495073, 0.636948, 0.142233)

[node name="Knight_Helmet" parent="Knight2/Rig/Skeleton3D" index="7"]
transform = Transform3D(0.999714, 7.79343e-05, 0.0239072, -3.37685e-05, 0.999998, -0.00184778, -0.0239073, 0.00184645, 0.999712, 9.40708e-05, 1.19319, 0.00241888)

[node name="Knight_Cape" parent="Knight2/Rig/Skeleton3D" index="8"]
transform = Transform3D(0.996356, 0.000194347, 0.0852907, 0.000125248, 0.999993, -0.00374176, -0.0852908, 0.00373881, 0.996349, 9.0612e-05, 1.19319, 0.00237053)

[connection signal="changed" from="Knight" to="Knight2" method="_on_knight_changed"]

[editable path="Knight"]
[editable path="Knight2"]
